133,124,47
122,98,53
37,24,6
109,99,79
149,139,111
65,40,16
97,121,60
88,90,42
111,138,53
95,124,78
101,106,22
107,111,30
105,150,106
137,171,34
116,141,39
74,157,223
102,106,86
168,81,97
91,79,31
125,77,53
108,114,86
122,122,117
97,93,72
106,92,63
165,122,32
102,92,26
160,126,60
136,107,49
145,127,44
98,78,41
126,104,70
131,108,73
94,62,11
110,80,25
92,69,34
83,76,38
89,80,41
70,66,34
51,43,24
60,49,29
111,105,85
145,121,87
72,53,30
120,101,74
99,75,40
117,105,63
87,86,40
112,110,95
118,114,97
123,119,100
144,112,10
124,128,68
74,93,64
69,78,57
131,31,44
97,114,93
141,105,76
146,165,175
58,94,41
116,95,17
148,103,13
139,145,126
159,96,106
103,141,84
179,155,124
120,123,92
129,98,88
117,124,90
150,151,61
81,97,76
116,124,66
116,124,64
100,91,77
80,112,135
125,111,83
112,146,123
194,177,128
110,99,83
155,123,61
169,138,62
96,75,46
66,76,41
145,126,88
147,127,88
155,124,85
82,103,81
195,162,157
61,68,43
61,51,35
143,118,45
123,53,101
137,118,58
110,105,58
80,70,56
128,89,42
108,91,60
139,101,76
186,163,144
114,112,113
66,61,59
49,37,42
165,147,12
189,149,12
91,115,125
184,145,4
188,144,6
221,160,10
150,137,120
28,84,138
114,126,124
22,93,146
70,73,68
82,88,74
118,126,74
178,141,37
162,142,45
155,126,28
174,151,38
103,103,68
159,164,63
172,141,36
134,135,116
96,92,80
126,76,105
142,134,140
97,100,98
90,78,68
156,114,75
207,49,90
99,90,76
216,121,127
182,64,14
130,129,21
108,98,70
105,101,80
105,86,77
157,137,32
191,143,129
69,113,63
129,121,102
196,158,153
192,141,1
135,132,92
94,100,93
146,112,101
128,31,26
148,138,78
144,121,23
163,147,150
73,66,33
129,123,122
140,130,115
66,28,22
160,160,160
101,79,77
137,96,103
96,84,58
167,65,149
102,103,84
86,72,69
81,72,65
73,68,63
53,48,49
80,64,55
81,70,64
154,107,52
177,187,192
50,43,34
180,171,160
164,102,92
133,97,73
113,81,79
158,123,119
175,162,163
80,63,66
123,131,95
155,124,86
142,122,74
182,132,142
115,116,104
111,112,80
180,124,20
95,110,36
93,96,49
75,88,38
178,47,61
49,120,22
88,88,88
66,70,32
128,132,84
152,135,75
225,232,225
89,100,89
58,52,55
91,69,6
172,152,17
65,46,1
71,69,40
107,92,69
77,63,51
88,83,53
55,65,31
103,101,100
64,107,117
196,175,100
109,124,77
102,107,64
54,51,22
118,99,82
95,96,71
94,108,65
155,137,115
14,14,14
129,109,1
122,104,87
238,171,147
71,80,41
66,72,13
160,90,36
79,92,25
157,125,104
120,111,57
103,95,80
112,94,21
136,149,171
122,105,5
133,118,15
148,112,20
50,50,50
78,101,59
119,105,92
63,63,63
110,110,110
113,115,111
68,67,43
96,112,61
103,121,66
184,128,25
106,111,13
100,100,88
134,115,42
153,127,60
166,155,96
162,163,84
179,168,124
156,151,102
116,110,48
96,102,61
113,120,89
114,107,62
92,87,79
47,55,56
112,131,72
94,150,60
83,115,50
150,106,108
96,102,69
97,100,98
84,81,90
154,89,106
144,144,148
78,92,48
95,107,71
148,53,32
95,87,76
128,97,95
114,104,93
63,53,32
195,179,191
64,68,61
150,160,112
68,54,49
115,92,9
107,89,53
143,88,88
64,84,101
175,123,98
98,101,93
90,109,58
128,104,5
156,119,13
114,101,56
114,112,60
109,50,88
86,98,34
87,122,94
91,76,57
63,85,5
106,128,52
123,135,91
131,82,68
58,52,50
94,115,55
76,86,26
89,118,144
100,105,80
180,161,159
109,144,188
102,97,81
135,148,95
86,97,59
77,128,75
78,84,81
135,112,96
57,87,38
74,81,55
75,89,57
111,120,78
101,36,2
148,106,65
108,99,8
112,114,82
102,93,90
121,121,121
136,83,13
110,112,94
59,31,27
119,115,100
88,118,71
134,119,113
118,116,40
59,64,51
89,111,63
86,118,83
100,105,45
76,88,49
159,131,102
66,93,36
123,111,102
111,122,97
141,68,22
112,112,112
134,118,40
107,101,99
79,134,151
34,21,8
152,137,91
151,141,92
162,142,79
150,144,114
52,67,100
68,78,58
127,115,49
82,86,24
165,109,3
166,114,3
159,118,10
158,139,14
113,102,88
135,103,84
105,122,50
151,146,89
103,106,22
115,130,43
125,159,68
109,142,73
98,115,48
131,116,61
196,153,116
110,114,47
156,140,48
174,157,36
101,104,95
121,129,94
188,172,87
122,130,102
134,102,58
124,117,61
192,177,28
56,75,45
117,113,80
104,105,88
112,112,101
104,110,66
96,99,58
86,99,92
56,74,45
106,103,89
126,110,80
100,111,110
84,49,23
39,36,15
84,90,33
118,136,95
124,109,73
93,64,62
117,105,20
145,144,127
151,154,114
134,131,106
148,148,119
115,108,102
139,138,61
143,139,99
70,80,37
80,89,90
64,78,4
87,115,33
143,123,83
175,171,164
164,97,75
91,62,73
106,83,43
156,158,21
111,85,39
144,54,68
116,147,121
131,135,22
97,95,46
96,124,47
84,85,46
107,107,54
91,92,18
156,154,48
105,108,56
96,97,55
94,118,117
100,90,42
167,155,133
50,65,41
91,35,31
168,139,33
178,193,154
129,140,101
120,133,83
127,142,84
164,133,12
169,137,33
97,101,71
87,103,80
111,14,22
95,102,80
123,117,97
139,120,113
113,91,22
131,23,45
214,203,141
104,139,166
92,98,117
112,100,56
105,57,45
130,108,56
191,142,111
76,52,58
116,93,66
109,95,68
149,144,140
169,181,122
148,133,145
31,27,25
78,47,47
99,42,43
38,30,27
186,161,147
92,88,49
109,57,36
130,123,88
135,127,96
90,90,55
147,141,119
148,133,103
109,86,32
81,70,22
59,50,23
101,105,87
108,102,91
150,88,77
57,71,44
105,114,72
105,111,71
106,116,75
124,133,93
117,122,89
115,125,89
117,125,86
110,115,81
121,116,60
118,113,55
125,128,105
127,123,93
160,145,71
200,162,163
72,73,76
156,111,60
100,93,55
73,64,51
154,132,3
144,131,102
105,107,82
121,114,108
151,79,100
199,190,192
124,74,59
89,121,130
181,155,107
142,127,96
85,84,43
81,89,68
153,67,75
164,153,135
135,128,112
184,184,184
125,130,84
71,71,71
119,100,18
102,98,68
110,98,75
89,119,15
151,146,119
122,120,179
135,131,138
114,107,83
133,44,74
118,111,66
78,40,26
163,157,137
165,144,117
152,153,145
138,134,115
202,79,131
106,99,52
69,40,48
132,111,98
98,89,49
147,96,83
143,127,52
71,92,35
82,82,82
195,141,141
212,175,1
112,109,84
166,121,118
139,111,14
144,126,17
143,111,30
145,126,72
137,96,65
129,97,109
131,130,116
196,193,191
146,141,139
124,135,91
123,150,93
110,110,110
131,83,87
47,57,42
127,152,114
123,108,66
146,121,58
211,143,75
62,67,37
157,123,80
105,75,64
113,114,99
98,105,76
122,116,107
113,109,103
184,133,135
120,120,129
128,77,83
106,91,47
231,226,197
155,134,120
123,81,10
178,172,165
159,162,108
163,166,166
62,60,47
133,122,87
110,87,105
159,138,143
234,235,231
122,87,78
167,161,159
126,121,120
118,96,76
110,91,68
160,83,123
85,76,43
95,128,156
92,115,80
170,177,94
129,119,102
96,94,65
139,102,81
161,63,35
99,97,62
81,82,50
132,138,101
78,85,50
98,108,57
103,93,83
116,65,43
135,144,117
119,120,70
100,112,65
110,116,83
160,164,166
88,86,81
61,77,31
110,116,70
124,122,106
151,123,116
99,111,120
155,108,115
105,87,64
110,107,92
80,82,82
122,148,72
97,124,66
97,130,55
64,70,26
143,183,115
124,123,111
159,101,48
159,108,112
128,120,104
191,200,142
208,208,182
144,127,115
106,106,106
71,90,42
100,114,107
184,73,51
119,119,103
65,95,31
122,63,29
139,142,117
102,118,64
104,107,93
71,50,23
21,34,24
80,98,36
96,112,63
93,111,53
93,103,45
116,76,57
75,77,90
90,103,82
122,126,122
56,53,22
140,89,42
42,52,27
63,73,76
111,101,49
75,87,38
106,111,86
161,122,82
83,79,35
118,123,64
59,58,58
105,118,49
68,92,27
99,127,64
109,53,67
96,47,43
138,132,104
170,184,166
153,141,104
94,90,90
80,82,60
90,91,83
142,76,66
80,83,44
88,80,23
141,161,192
111,96,54
102,111,67
173,91,79
95,85,38
61,73,22
121,108,98
115,100,73
131,116,105
116,94,92
100,101,27
156,125,5
107,124,45
115,106,55
142,80,54
92,106,79
189,174,123
130,125,116
132,138,82
128,133,105
149,124,6
125,139,99
116,120,97
178,165,125
119,115,85
130,154,154
133,132,51
128,120,77
137,149,90
132,130,121
141,138,121
105,107,53
76,70,13
122,120,90
143,154,100
114,132,65
88,84,73
126,110,48
130,116,94
112,104,60
130,122,111
99,84,29
132,136,97
93,114,155
109,119,69
128,103,91
152,150,109
75,67,46
103,75,49
125,162,190
57,74,50
63,142,199
94,85,39
143,112,97
156,117,88
95,84,37
117,107,100
95,74,68
74,83,69
88,107,105
118,113,85
123,108,70
92,22,19
152,71,48
180,116,109
66,80,74
98,114,124
90,107,61
89,37,63
144,145,105
83,47,25
148,114,132
135,130,116
128,129,45
89,131,83
106,105,35
153,154,131
128,126,77
169,167,149
127,137,61
219,219,208
148,167,192
62,60,52
53,86,78
86,82,69
146,145,71
147,171,134
120,130,84
138,138,83
191,175,69
87,84,56
132,132,85
108,133,93
115,74,86
69,83,58
130,118,92
90,84,44
165,146,39
172,147,152
95,94,54
111,120,102
124,132,109
165,158,146
128,154,121
119,109,97
103,103,103
146,104,82
15,32,9
136,134,114
107,115,74
106,105,66
78,77,52
127,55,92
124,105,103
122,124,103
88,91,77
134,104,88
175,144,121
116,115,116
114,130,32
159,134,57
167,145,90
123,62,98
136,142,121
114,107,12
76,90,72
106,96,80
103,37,21
151,112,63
146,152,130
157,160,145
136,136,109
182,183,165
170,172,166
222,213,216
165,152,141
134,125,115
151,134,74
144,125,120
127,91,84
137,27,31
205,206,172
189,141,21
66,71,86
124,118,142
71,53,40
159,137,125
39,114,54
191,167,13
226,206,146
147,131,68
175,134,112
149,155,108
115,89,59
177,170,158
169,160,150
159,71,41
55,55,55
59,72,44
180,158,152
169,167,163
158,158,153
151,142,123
174,168,158
78,86,81
177,171,131
121,94,33
116,75,46
85,89,44
113,114,107
225,161,135
122,103,76
171,107,26
197,201,163
132,135,99
128,65,68
93,85,33
103,133,86
99,108,58
94,94,10
163,166,164
105,57,53
165,161,155
152,105,62
65,97,55
145,110,66
113,134,105
84,94,44
59,67,73
139,105,96
140,99,90
117,71,64
61,53,8
112,129,94
151,113,116
97,116,69
155,95,97
114,119,98
106,121,56
135,125,79
105,106,83
113,124,129
77,89,70
90,69,52
171,188,207
130,101,2
27,33,33
114,100,78
107,104,73
84,95,70
121,126,107
15,15,15
197,123,94
97,111,44
113,79,103
152,134,127
91,97,75
149,57,74
135,77,67
90,76,76
113,80,80
74,74,68
105,86,70
96,107,85
93,102,64
98,76,79
110,93,40
100,73,74
113,72,59
141,105,86
80,83,56
92,81,55
96,86,81
140,69,93
122,95,60
130,62,84
90,55,42
105,100,80
88,81,56
87,85,65
122,96,99
96,125,47
109,103,14
126,120,23
98,124,84
108,112,109
68,69,51
77,116,64
66,68,69
52,53,34
80,84,61
150,49,39
119,112,23
82,83,80
91,72,18
44,44,34
115,137,55
88,118,73
92,97,70
127,129,100
57,88,66
119,102,11
104,118,45
75,86,42
103,106,83
92,95,99
141,139,110
116,113,109
79,50,51
101,100,76
196,182,156
130,125,102
95,94,78
160,116,103
92,115,8
150,148,136
235,191,188
86,86,86
83,94,61
130,118,62
81,83,71
79,96,74
66,66,65
97,64,70
110,104,86
117,68,54
196,93,145
115,111,27
139,143,137
24,24,24
86,74,17
85,81,36
39,57,21
58,74,28
72,80,20
102,96,81
56,76,34
56,80,48
129,154,133
106,137,140
139,136,131
101,106,80
71,89,50
155,116,77
99,93,78
165,70,94
115,122,84
144,141,143
115,93,54
96,95,84
95,76,52
143,137,70
141,134,72
126,118,50
179,163,54
148,145,85
107,106,80
89,83,42
91,90,73
165,186,32
51,49,50
180,166,97
228,157,125
116,94,30
178,141,125
158,158,158
104,112,77
85,107,59
152,152,121
100,117,73
92,105,54
85,101,47
83,102,57
103,120,77
90,106,54
93,106,55
69,74,13
70,85,19
117,147,68
125,122,93
102,109,84
104,70,100
107,89,55
87,82,71
169,172,167
109,82,81
95,106,74
97,104,57
125,113,91
94,76,11
68,86,67
175,147,26
151,157,146
88,109,61
133,166,158
172,171,117
122,121,100
111,105,71
111,110,92
146,132,142
106,91,100
108,128,92
73,73,60
113,130,78
50,54,39
117,99,54
76,88,31
117,122,112
57,50,27
176,163,123
158,128,18
173,126,7
105,106,84
110,112,78
130,143,143
182,138,47
85,72,30
113,94,93
127,123,73
124,122,32
49,62,70
114,102,41
127,125,40
126,147,145
103,107,91
73,77,52
106,52,73
58,57,53
124,136,91
191,189,186
122,107,94
135,108,18
124,101,108
158,167,146
172,165,129
39,33,29
99,114,70
151,87,66
165,149,153
98,107,66
33,33,33
132,122,89
102,93,47
70,67,67
70,58,80
116,118,98
147,125,124
130,120,35
68,63,48
90,91,70
135,130,35
163,154,97
70,83,60
155,113,90
171,182,124
94,63,56
97,119,108
137,87,39
129,95,55
143,128,72
182,108,47
98,71,69
67,128,179
72,51,49
98,117,124
86,99,91
167,124,5
6,6,0
104,92,82
80,77,32
119,116,24
99,87,27
132,93,25
96,97,61
125,113,71
105,128,70
104,97,94
149,150,134
121,130,95
138,125,55
129,142,114
51,48,40
66,55,21
65,68,54
97,100,97
159,158,113
116,111,11
150,116,38
120,112,63
152,143,92
129,149,149
126,134,126
98,104,81
157,145,73
66,84,48
65,72,51
103,113,66
94,96,69
193,151,19
181,140,128
109,106,27
219,175,25
158,156,102
143,125,30
191,164,31
75,87,28
65,78,46
112,99,99
106,106,97
88,100,67
134,136,85
136,120,33
80,82,59
180,117,35
93,117,37
224,126,155
73,107,54
121,120,95
77,64,24
129,123,103
103,97,49
126,93,87
134,138,124
146,132,69
130,118,70
120,131,68
20,20,20
87,94,72
87,91,55
52,51,18
103,100,78
77,75,25
86,86,70
69,70,58
80,85,66
137,108,110
166,158,129
109,90,67
105,86,64
64,52,86
37,39,40
97,109,26
138,138,108
126,96,62
108,82,61
175,130,78
105,73,57
142,144,63
108,97,102
118,64,46
116,128,87
110,125,84
113,88,42
93,93,93
81,83,50
106,114,101
105,111,76
98,110,30
106,88,61
138,33,14
122,124,109
107,111,85
95,100,72
98,84,68
63,74,19
59,80,30
167,80,110
101,81,55
108,135,79
125,156,46
107,96,28
27,27,27
94,94,94
126,142,67
167,151,128
91,79,74
83,87,54
84,88,55
107,115,102
121,93,78
179,167,145
158,149,133
128,111,87
108,129,95
100,97,46
70,90,46
76,32,41
43,58,9
124,113,72
164,116,91
106,130,83
83,82,76
96,92,60
147,131,112
113,86,53
112,129,154
100,80,40
88,109,55
114,108,129
177,137,83
129,110,119
114,103,95
128,117,109
115,119,102
126,121,109
93,150,65
146,77,12
92,82,68
160,152,135
115,76,70
157,123,90
104,72,41
119,98,72
177,160,94
101,65,36
141,90,12
123,109,90
123,79,36
156,150,145
112,60,48
61,37,21
76,71,74
105,118,152
151,83,63
104,107,107
118,94,3
113,99,2
105,99,3
117,101,30
143,61,79
155,131,103
250,225,223
121,111,90
174,88,186
65,65,88
68,69,63
20,22,18
101,49,6
118,124,109
9,15,14
162,146,128
146,47,42
91,94,63
166,84,67
131,96,107
87,70,73
169,173,120
152,102,74
61,64,52
116,125,56
59,69,41
157,138,90
167,120,28
112,75,27
48,29,3
95,66,35
114,116,68
129,123,111
41,31,24
155,165,17
105,107,14
35,35,35
103,112,91
63,75,20
162,159,146
82,91,51
136,78,122
90,97,86
90,102,30
73,71,64
106,109,109
140,139,138
134,130,111
113,111,86
131,128,122
137,137,113
144,138,113
87,83,101
113,112,105
125,126,113
80,45,38
88,79,66
106,87,64
96,81,59
116,91,94
103,94,76
134,103,112
106,97,76
61,68,54
137,129,47
130,127,95
109,110,116
132,118,29
122,97,106
88,91,60
104,103,95
107,115,87
122,78,65
115,62,64
74,92,51
116,99,76
132,126,116
85,87,56
91,105,86
98,150,159
101,110,43
128,118,107
110,114,78
143,136,135
118,128,93
133,137,102
178,112,61
168,131,95
129,90,25
60,68,26
54,64,40
105,109,130
68,63,47
88,80,76
145,124,135
118,127,132
98,98,98
114,83,67
105,82,85
162,107,142
75,54,68
109,90,64
128,112,69
119,99,94
85,48,14
89,97,64
64,73,63
114,104,35
100,49,46
114,63,59
76,84,10
138,153,172
104,83,46
142,145,96
98,80,43
128,124,129
109,118,62
113,122,8
116,97,29
110,108,40
129,109,132
149,111,87
129,106,108
66,67,55
144,116,83
201,72,61
139,123,112
125,95,79
100,105,41
102,116,52
162,109,96
149,108,85
94,85,82
175,166,146
130,149,150
158,137,105
159,162,119
78,47,36
72,68,51
106,124,60
148,135,124
58,16,11
93,85,30
96,106,91
133,130,36
71,83,33
85,87,49
107,68,95
87,76,65
133,143,113
120,87,37
79,79,79
146,131,12
140,79,42
127,123,98
107,93,36
140,116,35
112,84,40
93,88,16
153,147,48
137,23,17
188,114,77
93,98,85
106,117,60
84,65,47
92,82,61
52,38,40
102,109,85
100,94,61
100,80,46
136,125,122
134,93,94
124,81,29
135,139,115
87,100,85
115,111,99
90,86,55
84,89,86
99,87,82
64,63,58
105,114,68
131,115,44
113,118,106
94,94,94
151,139,113
86,84,79
115,78,76
93,79,57
95,90,75
70,56,58
118,105,102
76,88,50
96,89,96
110,121,102
150,105,26
135,160,59
103,98,82
147,131,113
78,63,71
111,124,90
131,144,101
96,77,69
121,102,74
152,71,78
124,103,108
95,68,77
88,97,96
126,117,112
76,82,69
113,80,80
68,41,25
95,96,100
172,86,83
145,102,104
132,113,103
79,100,43
99,103,74
54,87,77
126,146,115
95,107,61
143,79,59
120,100,12
163,132,126
142,87,3
123,81,40
110,156,167
133,125,87
72,65,32
191,182,149
109,78,69
106,105,90
79,75,44
48,16,10
117,127,79
173,151,105
135,97,62
99,109,69
49,18,3
82,83,71
67,81,62
116,72,33
90,82,9
228,228,228
70,88,29
170,166,152
146,120,128
85,94,89
72,82,76
104,104,66
153,152,119
147,149,126
14,14,14
97,96,80
126,114,59
124,117,116
95,2,115
141,131,93
112,107,64
88,87,59
59,59,20
116,124,84
74,75,33
111,112,70
151,137,117
196,92,10
109,108,53
126,74,33
110,113,99
197,124,47
78,73,38
95,98,57
98,91,56
167,123,70
121,115,33
62,59,52
194,173,142
141,167,93
118,117,21
116,107,97
91,85,37
96,103,61
101,100,26
122,76,55
94,62,10
70,97,46
135,129,82
84,95,56
96,94,64
100,99,79
200,146,93
147,105,89
182,130,95
165,155,132
99,86,82
55,60,37
92,111,51
125,105,20
99,111,50
252,183,16
129,135,118
127,126,32
161,157,41
144,119,80
198,179,126
233,194,144
215,200,162
27,20,12
171,96,97
120,138,66
135,101,103
106,103,96
119,124,104
111,144,84
124,147,104
115,107,83
160,162,136
128,76,101
100,92,35
107,108,76
117,107,65
111,104,118
59,68,40
48,47,26
192,198,187
138,141,86
126,136,60
153,142,66
118,121,34
130,143,84
102,109,57
107,126,95
90,131,19
224,193,153
201,187,133
211,198,157
154,117,70
165,146,96
211,173,137
208,174,123
108,103,61
128,127,35
87,53,44
105,108,80
91,100,45
128,127,114
51,59,70
139,139,123
101,101,31
84,88,80
65,117,172
105,139,172
100,130,148
63,95,121
111,145,173
32,19,2
115,111,84
67,78,27
89,98,106
207,155,135
106,68,57
113,147,86
181,176,163
118,118,118
118,138,87
185,116,119
101,108,51
159,103,52
15,15,15
143,144,114
51,51,51
103,145,89
172,143,108
104,106,79
104,111,82
157,181,138
91,95,44
46,44,42
45,55,31
114,92,25
52,67,126
65,103,141
73,125,170
84,119,143
130,149,153
123,141,141
109,115,68
149,125,100
127,127,36
171,171,104
191,67,82
157,144,137
94,79,37
116,117,87
114,108,74
129,111,77
126,117,78
136,128,98
125,92,30
68,35,18
142,156,122
83,57,20
53,37,16
163,102,31
149,106,58
105,84,57
200,170,114
170,157,113
142,132,106
151,140,118
168,145,87
163,133,60
197,182,136
98,79,28
129,117,65
238,92,51
64,65,47
104,106,79
102,105,82
102,105,82
134,97,22
72,61,49
117,51,29
119,82,66
79,60,50
111,115,82
182,152,108
181,138,95
141,88,23
202,209,202
94,127,41
121,121,32
153,150,147
146,119,80
166,111,79
96,78,85
201,179,164
158,127,110
228,208,185
184,171,145
147,127,56
160,150,141
102,6,5
42,31,12
151,135,72
90,112,121
128,140,111
63,40,18
153,78,77
167,135,20
89,119,97
138,120,56
178,176,125
95,132,111
159,116,82
15,10,7
192,191,187
122,114,72
98,105,120
81,141,88
121,154,204
103,94,79
115,78,78
133,102,91
76,106,37
80,77,70
151,136,108
187,188,195
94,109,97
127,114,59
168,115,111
64,105,64
128,137,74
56,57,46
59,74,99
162,102,100
149,181,138
114,139,168
135,139,75
104,89,40
89,77,68
130,131,60
146,136,104
175,73,78
66,56,39
127,85,75
128,73,40
140,90,65
120,100,73
150,131,115
167,167,181
107,107,79
137,77,29
102,102,28
74,56,55
24,16,12
119,88,68
147,85,19
90,86,114
106,113,90
205,160,124
214,110,70
169,141,62
141,131,134
97,102,88
73,76,82
109,116,34
200,181,175
83,97,46
121,124,118
143,145,126
162,147,131
87,109,43
33,21,24
107,111,84
37,31,20
117,101,86
232,234,218
54,53,34
149,104,98
150,120,68
123,122,107
211,195,188
190,103,88
186,150,115
77,85,73
175,164,50
90,57,81
145,130,126
134,134,143
45,37,11
131,116,94
127,126,109
38,19,8
138,91,112
159,170,136
216,182,126
106,89,103
30,13,12
154,131,107
126,104,94
67,64,66
79,78,83
82,89,77
12,40,44
169,172,111
214,168,140
97,101,138
130,74,54
115,124,132
101,90,53
57,57,43
123,116,109
110,102,90
74,20,28
93,106,75
158,155,150
115,117,93
107,98,93
117,134,41
40,50,39
146,135,50
105,71,46
202,191,144
154,152,26
159,141,129
179,175,132
188,141,135
133,123,97
75,97,62
107,112,116
98,136,92
106,105,58
140,146,157
200,193,157
97,88,75
209,110,94
162,73,80
91,91,79
82,78,70
157,78,83
106,111,63
82,112,25
100,107,89
78,91,40
162,101,85
96,101,57
160,124,89
148,55,58
114,112,70
112,102,53
138,135,58
71,73,53
210,77,92
186,123,126
113,113,100
114,123,21
100,97,91
188,177,147
214,84,96
146,58,33
199,158,54
152,112,123
85,80,61
73,85,27
95,106,67
90,90,90
193,194,196
131,123,115
82,97,40
83,77,68
151,150,137
117,89,74
117,154,100
52,50,50
81,75,35
153,104,107
152,183,140
142,125,63
152,141,95
129,75,47
154,162,144
123,91,93
66,70,64
64,65,49
109,104,32
118,145,172
102,102,50
115,87,88
106,73,69
124,131,111
144,152,144
119,119,62
98,114,20
161,65,46
128,93,76
188,53,0
151,88,62
133,110,131
103,107,101
170,115,127
51,55,44
173,140,119
165,113,4
147,126,24
117,115,57
75,75,75
127,128,59
84,90,96
136,140,36
142,142,132
107,98,83
73,65,43
54,49,28
135,132,11
201,146,125
56,33,28
123,115,97
155,154,137
121,109,71
197,165,139
82,118,58
171,79,65
104,107,128
127,102,4
31,36,12
155,142,63
149,151,131
126,151,104
104,123,91
77,91,44
152,78,40
91,85,11
165,137,14
79,66,65
123,84,65
101,105,60
51,51,51
102,102,50
213,134,165
103,91,78
92,107,60
90,86,66
101,100,29
90,95,55
144,95,53
43,76,118
68,108,142
97,97,97
99,96,83
169,155,45
114,133,65
155,148,131
123,103,75
64,62,55
100,111,98
110,105,79
73,29,50
96,92,71
156,109,154
144,120,81
131,120,73
97,93,25
83,95,65
81,80,27
94,93,94
162,161,157
115,115,48
125,138,42
64,110,37
103,77,62
105,78,62
125,118,7
173,68,57
153,156,38
67,79,74
156,121,76
133,129,126
138,132,121
113,113,113
156,140,117
83,107,38
112,97,96
130,108,112
85,89,54
128,128,85
123,130,87
90,93,36
76,118,30
133,126,33
64,72,10
139,101,28
206,199,187
75,87,50
155,146,141
101,101,38
122,103,73
158,115,107
124,103,72
82,112,57
138,152,115
120,126,116
82,82,82
131,114,34
123,118,106
149,145,52
70,74,66
108,111,45
154,139,60
101,86,58
123,114,95
95,112,75
167,147,31
144,136,24
137,135,89
103,88,66
96,99,97
107,103,88
120,128,57
133,136,82
67,63,59
132,132,132
112,105,84
54,63,28
110,97,32
117,132,71
47,25,38
100,67,45
114,88,68
190,152,38
126,124,85
98,82,84
61,74,37
100,100,66
71,72,65
116,95,81
129,122,55
83,80,59
113,107,83
148,143,118
114,43,35
99,120,116
138,128,115
139,117,112
115,109,69
84,87,69
98,103,83
118,102,78
160,148,163
111,93,74
122,114,27
166,117,6
159,112,7
145,142,70
71,85,17
84,105,10
72,73,45
137,95,62
150,106,16
179,74,58
87,62,27
75,61,35
160,117,53
101,73,21
77,81,78
103,103,86
71,67,42
60,92,35
64,96,41
142,118,115
189,176,153
146,146,123
158,89,79
182,165,127
121,86,11
194,178,153
166,120,51
101,92,113
89,61,33
120,92,64
142,103,47
94,80,50
92,62,22
152,158,113
121,95,58
66,25,25
137,107,83
143,114,22
64,52,19
177,157,122
157,113,7
168,102,29
149,106,73
148,145,52
110,159,142
157,143,136
82,102,76
116,117,106
138,135,124
116,110,92
83,60,34
138,104,48
109,110,59
92,66,29
159,115,88
94,83,35
131,130,130
127,99,63
87,93,65
81,57,24
140,107,55
91,73,50
136,99,41
127,95,63
134,133,102
211,153,1
110,107,56
140,125,29
110,97,54
111,126,77
91,102,67
117,130,49
186,166,169
75,76,74
216,212,201
152,167,84
84,64,64
161,153,146
119,124,106
85,100,105
195,186,168
135,128,84
91,84,53
156,157,112
136,139,129
120,117,19
85,113,77
117,89,44
109,56,8
73,91,45
181,172,93
148,142,127
105,120,65
171,164,119
118,46,40
151,136,76
161,161,59
21,21,19
122,101,15
149,150,136
99,102,56
110,100,81
165,136,69
181,184,177
75,96,92
119,95,13
167,145,92
105,123,99
136,139,97
93,60,34
109,111,113
78,105,67
115,81,58
124,136,39
79,62,21
94,107,71
141,141,141
171,180,174
114,56,31
70,82,195
140,131,98
115,113,101
138,114,73
111,107,82
208,126,78
105,105,105
127,129,122
76,120,69
133,118,94
115,94,15
113,99,90
108,122,75
101,103,58
105,107,17
111,73,55
144,119,9
126,120,14
126,120,117
183,166,134
50,63,31
86,79,57
102,109,34
134,176,91
129,3,19
190,20,23
128,125,73
122,122,61
138,135,48
120,101,9
92,128,115
147,142,14
82,63,19
171,127,110
127,98,101
161,162,113
125,128,66
60,64,66
168,184,194
128,54,30
191,178,19
160,151,89
112,103,99
94,117,126
148,53,4
185,174,95
90,105,102
137,144,75
135,114,75
118,108,45
121,117,66
146,34,28
197,151,21
109,113,69
111,127,83
216,189,140
106,97,69
128,125,92
114,120,93
151,108,16
122,121,46
127,133,150
97,102,85
85,93,86
95,100,65
84,91,73
93,102,98
114,129,56
130,157,121
61,73,30
97,28,1
137,135,127
145,131,119
173,191,209
237,237,234
105,95,62
113,58,80
107,112,100
138,95,79
155,73,9
171,129,125
43,73,16
135,142,121
26,48,16
59,86,127
126,112,52
173,169,140
85,111,64
157,153,94
108,99,53
150,132,45
82,87,85
130,66,2
162,167,121
148,148,145
82,93,69
137,158,134
144,114,35
205,181,75
138,136,44
199,180,66
132,113,116
73,50,25
103,107,78
158,139,45
197,162,52
187,148,45
154,154,147
166,152,48
101,113,100
110,119,93
108,112,49
150,136,104
149,131,112
166,162,39
142,124,75
121,104,89
160,115,88
122,144,108
128,115,88
129,126,97
102,98,80
147,147,121
97,84,69
86,72,63
97,100,79
61,80,27
166,143,90
118,113,67
164,120,78
126,1,2
122,87,142
170,165,142
182,156,146
174,127,126
100,74,48
135,114,111
173,169,139
141,98,74
225,226,210
52,47,32
155,124,87
173,80,71
146,85,116
183,93,20
105,104,100
132,140,115
81,82,62
166,185,187
137,143,119
150,106,117
111,100,125
141,107,119
217,170,1
81,13,10
98,14,14
184,177,198
39,16,9
183,172,151
69,21,12
93,137,59
129,112,100
137,119,14
49,111,30
156,76,32
36,51,32
101,108,8
161,136,4
133,147,134
90,103,10
101,93,72
107,125,87
148,143,19
161,105,25
177,88,83
128,123,158
133,125,31
114,137,123
104,130,13
129,138,123
113,116,92
104,114,67
81,90,59
111,124,98
94,94,84
139,156,119
228,171,30
140,142,125
105,146,78
121,119,76
40,36,31
118,108,49
121,134,156
135,135,113
88,106,77
121,126,104
93,121,52
82,109,123
113,124,127
110,126,22
141,135,133
162,158,122
110,118,127
124,139,77
66,67,60
92,106,85
144,111,108
105,111,89
175,119,127
92,94,62
67,71,48
124,136,103
94,97,75
133,113,124
167,160,42
159,154,71
59,99,123
121,145,149
199,192,43
163,109,96
86,102,60
112,103,74
98,81,71
92,94,83
152,144,141
101,125,68
177,174,174
97,105,43
99,103,78
123,116,36
119,120,82
140,116,105
147,143,123
142,86,64
60,60,55
54,69,26
133,143,101
145,137,71
139,139,74
134,138,58
150,143,43
173,149,33
140,128,37
104,122,103
111,120,46
128,137,100
119,142,86
138,124,22
156,162,76
146,156,55
150,165,74
109,124,38
106,135,86
117,107,74
135,120,72
127,130,56
145,131,91
148,145,117
93,52,41
55,34,32
160,125,49
92,82,13
136,143,122
212,200,119
46,58,63
182,119,57
144,125,97
68,65,16
205,103,13
146,113,126
97,56,56
164,116,22
127,126,52
52,34,19
66,53,89
162,157,139
93,90,56
106,136,161
122,80,92
161,99,99
116,118,98
105,108,96
174,184,192
115,105,79
102,83,48
122,115,120
75,80,83
135,81,55
164,92,89
60,53,39
111,86,22
144,146,135
91,1,3
119,109,80
126,20,11
139,112,115
135,109,114
112,80,63
88,20,20
119,110,69
146,94,75
125,126,124
115,133,164
136,129,101
141,77,47
138,124,93
116,103,61
97,92,62
159,109,14
117,98,74
108,107,99
144,137,85
161,82,52
60,131,41
143,142,139
125,62,53
96,66,50
115,87,67
75,73,54
142,151,123
125,101,33
143,128,40
83,114,108
145,167,112
98,100,111
119,108,104
168,153,131
108,120,70
69,107,47
89,90,93
157,164,99
72,47,23
97,111,85
157,135,105
152,117,98
98,110,91
133,104,44
104,97,72
110,121,113
137,113,112
132,151,171
104,128,123
58,59,61
127,148,88
146,79,53
74,73,57
233,165,2
123,128,98
183,91,88
97,96,40
122,111,18
128,62,63
142,92,85
125,135,72
137,110,33
167,87,27
68,75,41
96,122,137
104,109,83
84,98,79
89,70,3
151,93,71
118,114,114
120,117,53
166,112,109
61,57,57
74,92,52
85,70,64
127,129,106
182,156,68
133,127,71
127,76,42
216,184,64
107,116,89
79,80,42
104,105,87
125,130,122
70,93,52
86,52,92
35,52,41
123,104,2
158,116,72
112,112,92
122,138,102
114,118,96
132,112,117
111,116,100
96,24,7
137,92,79
143,140,102
187,140,69
29,36,79
203,193,165
205,202,181
177,97,69
141,123,59
145,140,118
88,75,58
138,141,101
113,125,90
159,105,68
192,189,144
218,156,81
97,117,86
114,86,97
115,130,106
160,138,120
154,75,79
138,151,83
135,110,132
121,105,98
122,109,60
76,93,70
191,185,169
150,148,113
202,184,174
135,154,168
115,115,101
52,59,40
113,68,60
133,127,41
77,95,29
92,92,69
100,69,55
129,111,81
101,102,78
102,100,76
111,88,69
31,91,141
111,96,15
123,122,107
161,152,122
156,144,115
126,142,141
135,135,90
104,107,82
85,103,98
176,169,146
121,103,86
98,121,65
145,149,135
124,139,109
172,173,160
93,83,27
123,123,61
127,112,28
164,153,100
130,127,76
114,108,102
94,115,176
111,137,183
100,113,90
45,45,43
131,122,47
73,79,18
99,68,51
74,74,65
135,128,104
117,122,37
93,65,13
114,149,142
185,196,175
114,111,72
75,102,15
124,111,87
78,73,65
101,89,74
145,134,82
84,77,115
107,82,177
119,132,128
52,94,8
97,89,129
82,79,65
137,123,56
104,71,65
71,46,61
74,93,68
134,108,57
141,146,125
194,135,129
138,99,88
150,139,79
75,82,64
74,75,61
155,110,87
52,43,34
108,94,61
147,140,119
116,125,36
115,81,55
66,97,52
29,41,25
137,79,63
188,48,64
154,111,71
158,128,117
36,35,32
176,60,105
210,164,16
105,11,8
143,126,56
168,96,113
143,51,51
172,159,126
75,78,68
139,139,41
148,98,63
173,115,73
105,115,95
165,109,4
64,66,61
64,67,63
193,107,175
94,110,48
98,135,157
71,61,49
90,67,47
141,130,34
90,73,55
113,106,81
80,60,58
81,85,33
97,115,68
202,119,54
127,117,85
140,121,79
237,234,230
127,123,100
105,123,111
98,109,89
171,114,86
111,86,44
160,50,57
36,15,7
182,129,35
117,112,65
101,113,74
135,109,71
95,96,79
193,107,176
89,102,71
146,70,20
137,89,42
95,28,23
30,36,22
180,78,69
159,38,59
235,234,231
106,90,85
101,79,74
74,48,6
201,183,178
75,75,29
105,59,60
91,63,71
110,86,102
192,156,171
145,141,112
143,87,84
129,100,86
77,100,104
129,113,116
164,94,74
120,92,69
146,120,90
136,27,27
83,79,62
157,170,184
124,91,76
116,135,148
168,167,151
64,66,42
111,111,92
140,143,111
70,75,54
93,60,49
132,114,88
87,89,63
66,80,44
95,101,98
72,79,73
161,90,135
151,89,126
185,186,185
120,138,118
202,162,188
186,190,185
133,126,112
139,132,138
74,89,62
96,89,80
149,129,70
110,56,6
127,107,90
132,162,186
203,200,191
99,89,53
132,114,25
73,101,9
130,103,76
79,105,114
191,184,161
165,171,111
125,103,94
78,77,73
120,79,54
140,126,115
108,111,89
93,63,59
88,70,47
141,126,66
99,78,60
110,76,70
134,116,34
180,168,78
152,116,48
128,108,64
131,129,149
103,62,18
179,129,58
129,100,98
43,43,15
189,180,144
168,163,119
107,131,78
179,192,215
128,153,72
70,45,62
138,119,105
77,73,11
124,108,63
83,87,76
72,79,51
82,91,78
104,105,65
20,35,13
141,152,115
53,42,24
100,104,24
112,123,73
141,102,64
97,113,61
114,124,48
125,103,86
63,64,62
101,100,86
98,120,129
138,180,61
119,123,109
104,118,81
102,117,57
172,150,100
81,77,78
106,108,96
38,38,24
125,130,101
184,145,5
183,130,8
117,132,65
182,109,18
93,88,70
87,90,78
96,104,68
80,39,56
149,152,38
191,18,51
58,62,99
115,95,32
73,94,33
103,110,70
98,80,41
102,113,99
86,95,83
121,121,121
61,62,59
47,40,19
119,135,37
113,104,90
90,119,168
139,140,115
196,199,201
175,170,149
93,95,87
124,117,105
136,120,64
72,62,56
66,76,63
85,105,56
67,99,115
58,76,37
144,132,140
143,135,137
217,119,33
63,85,104
176,109,116
102,110,53
170,121,122
78,79,63
68,96,19
58,55,37
91,92,90
105,107,97
80,120,69
132,74,77
102,111,86
137,152,117
68,63,51
208,183,116
96,120,59
164,148,92
114,90,62
61,104,85
114,119,103
126,110,72
115,109,84
42,42,33
134,145,102
179,151,26
170,136,20
79,85,70
98,86,74
163,181,182
127,151,147
122,106,75
127,156,183
85,72,36
117,69,69
129,127,112
54,54,48
102,63,92
138,126,83
39,46,26
143,143,127
107,130,77
155,147,152
91,78,27
83,78,50
139,147,155
54,55,30
126,103,84
70,76,45
84,91,62
69,77,48
102,139,167
102,119,128
211,195,114
147,157,111
80,91,36
159,135,92
116,102,69
130,122,97
232,221,207
146,146,98
120,145,81
85,74,45
67,88,53
142,128,81
181,109,36
70,13,7
96,91,36
116,107,70
148,133,18
87,62,3
120,128,63
108,89,50
101,109,97
77,74,73
54,57,54
44,45,6
71,76,11
164,144,139
64,60,52
153,145,129
161,167,95
137,151,114
87,90,69
165,163,139
165,145,133
135,137,123
147,141,110
182,147,116
101,157,211
112,96,9
103,120,98
116,108,92
90,57,33
102,73,35
53,93,57
117,112,76
146,146,181
149,58,73
136,124,104
158,145,112
145,148,79
157,133,62
186,183,145
91,96,89
85,26,15
122,108,66
93,103,75
148,131,122
140,139,121
103,101,80
89,93,45
106,98,93
89,73,42
141,140,139
109,111,61
127,107,15
153,109,115
205,205,211
169,139,15
101,125,145
169,178,190
159,143,47
97,91,79
129,119,86
136,114,100
99,109,50
98,122,90
166,158,62
124,65,48
48,43,33
132,132,94
90,63,26
146,120,39
162,120,60
66,42,17
177,145,64
157,149,139
121,120,122
104,94,121
103,101,60
104,104,100
124,113,125
124,119,69
139,109,76
82,83,82
81,48,46
198,146,124
121,123,104
98,69,69
122,101,20
171,107,83
156,38,34
163,165,147
81,81,81
82,90,67
148,134,132
86,69,44
31,22,7
110,99,111
96,76,40
204,125,117
55,59,40
131,115,93
160,163,113
99,71,68
111,126,126
104,116,106
170,154,76
191,91,11
81,85,18
70,50,45
107,26,24
74,41,37
108,104,66
113,130,60
182,132,149
43,32,36
115,79,76
56,43,53
150,138,134
55,49,31
237,152,180
73,29,39
170,139,127
89,99,54
111,119,149
112,108,103
165,31,48
165,158,128
126,88,57
94,23,21
139,90,64
162,161,143
91,74,64
62,62,62
33,33,33
224,223,209
127,111,58
91,94,96
67,75,82
94,71,10
94,111,69
96,114,60
201,190,147
89,93,78
126,135,37
75,90,47
105,126,96
91,116,75
104,100,31
154,149,143
106,83,67
116,121,93
82,77,53
96,107,79
181,66,13
56,6,6
195,187,178
161,124,123
162,78,48
125,132,122
151,135,16
171,146,32
128,114,21
178,148,11
81,75,51
147,100,95
137,124,128
69,86,95
105,110,105
92,94,73
99,87,63
165,166,164
156,112,55
81,74,72
189,181,159
167,41,102
78,96,38
128,138,123
116,74,25
72,84,17
77,89,19
96,115,17
179,139,107
106,119,73
55,61,39
130,108,86
101,160,43
107,114,51
155,130,81
150,161,152
71,78,54
123,145,179
157,51,30
134,133,135
123,146,122
38,49,26
122,130,77
115,103,95
121,70,48
83,89,67
98,64,26
104,106,41
82,90,65
64,54,11
123,109,122
107,114,42
86,85,85
99,98,68
77,80,65
59,70,66
98,124,125
80,82,67
117,39,38
70,82,51
89,108,71
156,138,147
70,91,84
81,62,53
126,123,122
156,81,80
129,81,59
130,98,67
137,115,68
103,119,76
172,96,31
139,103,86
106,84,24
100,134,144
73,95,50
95,118,69
118,109,104
97,112,42
164,91,34
127,123,76
165,117,61
129,19,9
77,76,7
73,79,37
113,142,112
123,122,143
108,106,126
172,170,167
98,111,134
94,103,111
112,91,73
221,224,215
86,63,47
46,48,48
151,134,96
116,116,116
57,94,139
51,48,25
181,184,170
98,99,73
112,128,111
78,137,160
60,72,27
249,135,122
63,65,48
119,111,69
140,149,74
93,88,52
93,97,77
125,128,94
154,148,89
100,121,114
146,76,135
90,100,22
87,95,23
83,98,28
146,164,123
76,149,228
162,179,141
36,50,17
102,85,46
41,41,41
133,115,77
152,113,24
66,68,44
114,126,116
61,64,48
70,80,52
126,126,126
137,108,117
111,83,73
127,105,78
131,131,127
121,116,62
143,126,133
142,125,131
47,24,8
74,70,41
121,76,53
100,109,82
56,51,35
87,98,68
184,80,82
118,111,103
127,134,90
52,43,47
58,56,2
137,104,136
150,85,85
46,45,66
90,80,22
212,61,130
29,43,25
159,168,145
122,132,32
149,123,92
91,93,96
97,105,94
106,109,104
116,90,34
183,172,155
113,120,68
106,135,55
122,107,60
93,89,91
137,141,123
158,155,104
149,156,134
117,122,126
112,135,155
126,147,160
127,126,113
99,88,52
118,124,76
126,63,63
126,72,45
143,127,76
139,147,98
111,118,96
121,113,89
73,35,31
85,28,31
155,152,126
74,79,80
79,94,71
82,104,38
93,85,61
31,71,23
132,97,60
100,108,69
148,104,15
123,125,107
125,111,81
212,222,190
86,106,45
113,74,12
124,110,64
107,66,32
168,162,122
105,142,42
139,150,137
112,132,98
55,38,20
101,95,56
171,164,127
133,141,118
131,121,104
114,100,96
184,139,127
72,69,17
122,105,58
130,132,88
90,131,130
134,133,124
100,87,52
130,132,106
67,62,52
127,142,96
92,125,87
187,126,73
176,131,28
134,123,120
86,90,75
91,79,67
117,118,18
135,144,124
168,56,44
118,127,131
115,122,105
116,65,67
89,88,59
129,76,25
129,110,37
147,100,31
141,83,16
131,118,90
167,67,65
64,75,37
71,86,25
165,126,116
165,127,22
139,74,35
91,109,103
165,96,75
35,35,35
114,108,85
105,102,35
134,144,128
62,56,44
105,73,67
146,160,118
156,128,75
139,134,113
148,142,128
65,77,52
82,86,84
90,84,71
90,111,136
96,105,21
107,117,143
111,132,51
93,93,21
149,111,54
88,98,66
121,126,113
128,130,102
137,86,39
122,118,98
194,174,175
114,85,82
90,83,77
74,82,73
77,77,71
92,111,105
97,113,115
96,108,113
95,105,82
57,62,19
180,133,75
83,86,49
108,87,48
61,76,87
52,78,42
56,49,62
111,110,102
149,122,71
132,96,37
67,59,62
104,104,73
83,90,24
171,52,52
116,98,84
162,107,63
103,121,82
93,66,45
151,124,132
57,58,51
124,129,128
178,143,17
160,116,10
187,112,39
114,36,37
104,105,99
175,149,157
134,84,67
192,123,160
164,164,106
48,57,39
33,32,21
92,90,93
167,132,36
133,115,90
106,99,79
118,105,62
28,29,14
147,126,78
121,96,76
68,68,44
95,80,64
108,113,103
155,164,168
37,27,0
129,110,36
74,63,68
130,160,100
115,122,76
193,57,76
162,83,78
87,111,52
70,84,91
105,52,46
41,20,14
199,121,94
147,128,93
67,93,53
64,58,23
125,127,79
138,137,91
216,160,2
101,93,23
119,70,75
111,78,31
122,99,77
159,127,111
163,144,143
104,104,83
93,94,81
160,148,27
167,155,16
71,90,64
119,118,83
165,163,133
109,121,113
81,85,56
138,141,71
214,218,219
209,194,120
123,116,91
116,100,84
115,94,85
108,73,46
128,130,124
71,96,30
112,91,41
120,114,87
111,103,10
89,107,50
106,89,70
121,92,61
170,148,5
70,93,49
137,148,125
94,117,133
83,104,51
107,112,84
147,122,15
138,128,15
86,81,69
78,78,78
165,142,127
141,139,119
97,99,48
79,38,21
87,82,82
78,111,76
79,71,48
134,138,128
98,118,33
133,75,6
75,81,10
111,92,61
190,163,81
160,147,114
151,85,26
141,155,89
124,131,88
157,160,146
91,117,23
99,102,76
54,71,37
91,96,83
157,72,32
142,109,61
209,159,1
189,113,9
88,91,60
154,117,64
107,148,33
76,145,75
170,160,68
180,55,51
81,171,215
199,189,175
145,102,74
97,97,70
166,99,22
54,54,53
49,41,1
182,126,127
183,113,98
167,134,104
89,100,51
172,172,173
94,92,78
82,93,61
63,83,86
143,118,80
97,120,85
144,142,128
63,50,28
63,49,23
63,63,63
192,189,156
90,146,22
113,121,73
81,87,71
86,111,60
123,122,63
87,105,55
107,96,36
143,75,79
149,132,22
122,93,50
120,149,70
120,129,59
218,188,120
108,105,49
110,103,41
30,34,32
25,39,18
82,82,82
146,146,146
237,237,238
123,132,94
96,111,77
105,94,71
141,133,121
136,135,128
49,59,44
237,221,146
40,35,28
87,99,51
118,126,124
214,64,108
92,106,62
107,113,47
187,151,39
146,125,42
81,102,78
109,118,87
114,111,103
92,103,51
112,137,89
127,120,76
108,112,103
182,154,90
145,147,92
100,87,87
70,69,45
54,95,42
237,155,61
134,70,65
139,136,66
87,97,38
55,40,37
46,48,25
61,63,32
124,128,110
106,112,73
43,44,53
90,123,42
102,84,60
95,91,72
75,99,68
50,58,32
106,87,61
99,99,99
137,104,72
85,95,70
168,171,163
105,111,84
79,55,47
200,163,65
121,114,33
94,122,67
102,122,75
66,61,50
159,131,44
122,157,39
150,162,91
161,158,76
98,128,79
99,46,31
102,104,46
103,98,83
122,128,67
46,53,21
109,82,103
25,24,16
116,94,80
123,96,89
132,144,42
127,140,39
124,138,34
139,95,102
115,93,44
137,98,29
117,121,104
103,123,53
168,151,123
107,106,105
62,53,27
112,124,54
