184,189,185
188,190,187
189,191,188
191,193,188
193,194,189
194,195,190
194,195,192
194,194,192
196,196,194
196,196,194
195,197,194
197,197,195
196,196,194
197,197,195
198,198,196
198,198,196
199,199,197
199,199,197
199,199,197
199,199,197
198,198,196
197,197,195
197,197,195
196,196,194
194,194,192
191,191,189
183,183,181
170,169,165
156,156,148
143,140,133
128,123,117
120,116,107
121,114,108
121,114,108
120,113,107
119,115,106
117,113,104
117,113,104
118,114,105
116,112,103
118,114,105
116,112,103
116,112,103
116,112,103
115,110,104
114,109,103
112,108,99
113,106,98
110,101,94
107,98,89
102,94,83
98,85,76
94,80,67
88,73,61
18,20,19
14,16,17
15,17,16
18,19,21
21,22,24
21,22,24
21,22,24
22,23,25
22,23,25
23,24,28
25,26,30
24,28,31
27,31,34
28,32,35
29,33,36
32,36,39
32,36,39
31,35,38
33,37,40
33,38,39
32,38,38
33,37,40
32,36,39
32,36,39
33,37,40
34,38,41
33,37,40
33,38,41
33,38,41
34,39,42
33,38,41
33,38,41
34,39,42
34,39,43
34,39,42
35,40,44
37,42,46
36,41,44
33,38,42
35,40,44
35,40,44
36,41,45
34,39,43
36,40,43
35,39,42
35,39,42
187,189,186
189,191,188
190,192,187
192,194,189
193,194,189
194,194,192
195,195,193
196,196,194
195,197,194
196,196,194
196,196,194
197,197,195
196,196,194
197,197,195
198,198,196
197,199,196
199,199,197
199,199,197
199,199,197
199,199,197
199,199,197
198,198,196
197,197,195
196,196,194
194,194,192
186,186,184
176,176,174
165,164,159
150,150,142
137,134,127
129,122,116
120,116,107
122,115,107
121,114,108
120,116,107
121,114,108
118,114,105
117,113,104
118,114,105
115,111,102
118,114,105
116,112,103
116,112,103
116,112,103
115,110,104
114,109,103
112,108,99
111,104,96
109,102,94
104,95,86
100,91,82
96,86,76
90,79,65
77,70,54
19,20,22
15,16,18
15,17,16
16,17,19
17,18,20
20,21,25
20,21,25
22,23,25
20,21,23
23,22,27
23,24,28
25,27,30
26,30,33
28,32,35
31,32,36
33,37,40
34,39,42
34,39,42
33,37,40
33,37,40
32,38,38
31,35,38
31,35,38
34,38,41
34,38,41
33,37,40
33,37,40
34,39,42
35,40,44
38,43,47
37,42,46
36,41,45
35,40,44
34,39,43
34,39,43
35,40,44
37,42,46
36,41,45
34,39,43
34,39,43
35,40,44
35,39,42
34,38,41
37,41,44
35,39,42
34,38,41
186,188,185
188,190,187
189,191,188
192,194,189
194,195,190
194,196,193
197,197,195
196,196,194
197,197,195
197,197,195
197,197,195
179,181,176
195,195,193
198,198,196
199,199,197
199,199,197
198,198,196
199,199,197
199,199,197
199,199,197
200,200,198
198,198,196
198,199,194
196,197,192
191,192,187
181,182,177
170,171,166
162,161,156
150,147,142
137,131,125
126,119,113
121,116,108
121,117,108
119,115,106
120,116,107
121,114,106
120,113,105
118,114,105
120,113,105
118,111,105
116,112,103
117,113,104
116,112,103
116,112,103
117,112,106
114,109,103
113,109,100
111,104,96
109,102,94
104,95,86
100,91,82
94,84,74
89,77,62
52,48,46
20,20,22
17,17,19
15,15,17
15,15,17
16,16,18
18,18,20
18,19,21
18,19,21
20,21,23
23,22,27
23,23,28
27,29,33
26,30,33
29,33,36
33,37,40
36,40,43
35,39,42
34,38,41
32,36,39
29,33,36
29,33,36
34,38,41
32,36,39
34,38,41
33,38,41
34,39,42
32,37,40
33,38,41
38,42,45
37,41,44
36,41,44
36,41,44
36,41,44
34,39,43
35,40,44
36,41,45
36,41,45
35,40,44
35,40,44
34,39,42
34,39,42
35,40,43
34,39,42
33,38,41
33,38,41
34,39,42
167,169,164
148,150,145
171,172,167
182,184,180
191,192,187
193,195,192
195,197,194
197,197,195
196,196,194
198,198,196
168,168,166
39,38,36
169,169,167
196,196,194
200,200,198
197,199,197
199,199,197
198,199,194
199,199,197
199,199,197
200,200,198
199,199,197
198,198,196
193,194,189
187,188,183
178,179,174
168,169,164
156,155,150
146,145,138
134,129,123
125,118,112
119,115,104
120,116,105
121,117,108
122,115,107
122,113,106
122,115,107
118,114,105
120,112,104
121,114,106
121,114,106
118,114,105
119,115,106
117,113,104
112,107,101
114,111,104
111,107,98
114,107,99
112,103,96
107,98,89
98,90,79
94,84,73
71,65,59
22,22,24
21,21,23
19,19,21
17,17,19
15,15,17
16,16,18
16,16,18
18,19,21
18,19,21
20,21,23
22,23,27
25,26,30
26,28,31
26,30,33
28,32,35
31,35,38
33,35,39
34,37,40
32,36,39
28,32,35
28,32,35
31,35,38
32,36,39
33,37,40
34,39,42
34,39,42
34,39,42
35,40,43
33,38,41
36,38,42
40,43,46
36,40,43
38,41,44
36,41,44
35,40,44
34,39,43
35,40,44
34,39,43
34,39,43
36,41,45
35,40,43
36,41,44
34,39,42
35,40,43
34,39,42
32,37,40
35,40,43
99,88,77
101,94,83
102,94,85
106,102,91
120,118,107
139,136,128
166,166,160
189,191,186
197,197,194
197,198,194
159,160,156
29,29,31
136,136,133
195,197,192
173,158,149
150,113,107
165,136,129
179,164,160
199,197,194
200,200,198
201,201,199
200,200,198
197,197,195
192,193,188
181,182,177
175,174,170
166,165,160
153,153,147
141,138,132
131,127,119
122,118,109
120,118,106
122,119,109
122,118,109
122,115,108
120,113,106
121,114,106
120,113,105
118,114,105
119,112,104
118,111,103
120,113,107
120,116,107
119,114,107
115,110,104
114,111,104
115,110,104
114,107,101
112,103,94
105,96,87
98,90,79
47,44,38
23,23,25
22,24,23
19,20,22
16,18,17
15,15,17
16,16,16
17,17,19
17,17,19
17,17,19
18,19,21
21,22,24
22,23,25
24,25,29
26,27,31
28,32,35
30,34,37
30,34,37
28,33,36
26,31,34
31,35,38
28,32,35
27,31,34
28,32,35
32,36,39
34,39,42
34,39,42
34,39,42
34,39,42
36,41,44
33,38,42
35,40,43
38,42,45
38,41,46
36,39,44
33,38,42
33,38,42
34,39,43
34,39,43
33,38,41
36,41,44
34,39,43
34,39,42
35,40,43
34,39,42
37,42,45
36,40,43
35,39,42
33,38,41
130,108,87
127,107,86
122,104,86
117,99,82
110,90,76
105,87,74
101,87,74
101,91,81
110,104,95
119,119,112
105,103,99
71,71,69
101,100,95
119,112,105
118,88,75
129,85,74
118,61,55
123,69,64
133,87,81
148,128,121
178,176,170
187,188,182
185,185,180
167,165,159
172,171,166
170,170,164
162,162,156
149,146,139
137,133,124
131,126,114
100,94,82
94,91,79
104,101,91
128,123,115
122,115,107
121,113,106
124,115,108
120,113,105
121,115,106
120,114,106
120,113,106
121,114,108
121,115,108
118,113,107
118,113,107
115,111,105
116,111,105
113,107,101
109,101,95
103,95,87
96,88,78
26,25,23
21,21,23
17,17,17
16,16,18
16,17,18
16,16,18
17,17,19
17,18,19
17,18,20
17,18,20
19,20,22
20,21,23
20,21,23
23,24,27
24,25,30
27,28,32
28,30,34
27,29,32
26,31,34
28,32,35
26,30,33
30,32,35
30,32,36
30,34,37
33,38,41
33,38,41
34,39,42
35,40,43
34,38,41
36,40,43
34,39,42
37,41,44
36,40,43
38,41,45
35,39,43
33,37,40
33,38,41
35,40,44
34,39,43
35,40,44
34,39,42
34,39,43
35,40,43
35,40,43
36,41,44
36,41,44
35,40,43
35,40,43
32,37,40
137,111,89
138,111,92
137,110,91
138,110,92
139,113,94
137,113,93
131,110,92
127,109,92
89,79,69
142,138,132
189,189,186
192,193,190
154,154,151
182,181,174
165,161,157
144,136,132
129,116,105
109,95,82
118,97,85
143,119,106
140,120,105
141,120,108
141,122,112
139,120,110
143,127,116
143,132,119
140,130,117
130,120,108
121,111,100
112,101,89
127,115,105
116,103,94
102,93,83
97,85,76
119,111,105
126,121,112
126,117,109
122,114,105
124,117,108
122,117,107
125,118,110
121,114,108
123,116,110
121,114,108
120,113,107
119,114,108
119,114,108
115,108,102
111,104,98
103,94,86
99,89,80
24,23,24
17,17,19
15,15,16
14,14,16
13,13,15
14,14,16
15,15,17
17,18,20
18,18,20
20,20,22
20,21,23
21,22,24
22,23,26
23,24,28
22,23,28
27,28,31
26,27,31
28,29,33
28,32,35
28,32,35
29,31,35
32,33,36
32,35,38
34,37,40
34,39,42
35,40,43
35,40,43
35,39,42
35,39,42
34,38,41
32,37,40
35,39,42
37,41,44
36,40,43
36,40,43
33,37,40
30,36,38
34,41,43
34,39,43
34,39,43
35,40,43
36,41,44
34,39,42
34,39,42
35,40,43
35,40,43
35,40,43
34,39,42
33,38,41
135,105,85
136,106,87
136,106,88
136,106,88
136,108,89
137,110,89
130,105,84
98,83,74
165,161,158
198,199,195
199,199,197
199,199,197
177,177,174
199,200,195
198,199,197
197,198,195
196,196,194
185,185,179
160,157,150
134,120,106
146,117,97
154,121,102
158,125,106
159,124,107
160,126,107
155,125,102
156,124,103
152,122,104
153,124,106
149,121,102
136,113,96
136,114,97
124,104,89
112,95,79
110,94,81
120,107,95
118,109,97
127,119,109
127,121,110
129,125,114
125,118,109
123,115,107
123,116,110
123,116,109
123,116,110
119,114,109
118,113,107
119,112,106
111,104,95
103,95,85
100,91,81
23,21,24
18,18,20
16,16,17
15,15,17
15,15,17
14,14,16
15,15,17
15,15,17
18,18,20
21,21,23
20,20,22
22,23,25
22,23,27
24,25,28
26,27,31
29,30,35
31,32,36
33,34,38
32,35,38
32,36,39
34,35,39
37,38,42
34,38,41
35,39,42
34,39,42
32,37,40
33,38,41
35,37,41
33,37,40
34,38,41
35,39,42
35,37,41
35,39,42
35,38,41
35,39,42
34,37,40
31,36,39
34,41,43
35,40,42
35,40,42
35,40,43
35,40,43
34,39,42
35,40,43
33,38,40
33,38,40
33,38,41
33,38,41
32,37,40
135,104,84
136,105,84
137,105,85
137,106,87
138,109,90
136,109,88
90,72,59
140,131,124
167,165,160
163,162,157
159,157,153
169,168,163
163,159,154
176,173,166
185,182,178
189,187,184
191,189,186
191,192,187
193,193,189
191,188,183
139,124,108
152,117,96
159,122,102
160,122,102
158,119,97
159,121,98
158,119,97
159,120,100
158,121,101
157,119,100
155,119,97
155,120,99
150,115,93
144,110,89
129,100,80
117,92,72
119,98,81
116,101,85
124,115,99
131,125,114
117,111,101
124,115,108
124,117,110
124,117,109
124,117,111
121,116,112
120,115,109
119,112,106
109,102,92
104,98,86
77,69,61
22,20,22
19,18,20
16,16,16
15,15,17
15,15,17
14,14,16
14,14,16
14,14,16
14,14,16
17,17,19
19,19,21
20,20,22
22,23,27
23,24,27
26,27,30
29,30,33
30,31,35
34,35,39
33,36,39
33,36,39
36,37,41
35,36,40
31,34,38
32,35,38
31,35,38
31,33,37
31,34,38
34,35,39
31,35,38
32,36,39
34,37,40
32,34,37
33,33,38
33,34,38
33,36,38
33,35,39
33,37,40
33,37,40
32,37,39
34,39,42
35,40,43
34,39,41
34,39,41
33,39,41
33,39,39
33,39,39
32,37,40
34,39,42
31,36,39
137,106,81
140,107,82
141,108,85
141,110,88
142,114,92
117,94,73
94,83,72
91,81,71
69,60,53
65,56,48
81,66,59
109,92,79
123,105,90
133,113,94
140,117,98
147,122,105
147,123,107
149,126,109
150,128,112
157,133,118
170,154,137
140,123,104
157,119,98
163,119,101
163,120,99
161,116,95
159,112,93
160,114,95
160,114,94
158,112,92
157,111,91
153,112,92
145,107,85
144,107,84
140,103,77
136,102,76
123,95,74
122,96,79
125,104,89
119,104,93
111,101,88
108,99,90
103,96,85
120,111,104
119,111,106
117,112,108
123,118,112
123,116,110
113,106,97
106,100,88
31,23,17
92,74,57
80,61,45
46,34,29
25,21,21
17,16,19
14,14,16
15,15,17
12,12,14
13,13,15
13,13,15
17,17,19
18,18,20
19,20,23
21,22,25
25,26,28
27,28,30
30,31,35
31,32,36
30,33,36
30,31,35
29,30,34
29,30,34
30,31,35
28,29,33
26,29,33
31,32,35
30,31,35
31,32,36
30,34,37
29,33,36
31,33,35
31,33,36
31,32,36
31,33,37
32,33,36
31,34,37
31,35,38
30,34,37
31,37,38
33,38,41
34,39,42
34,40,40
33,39,39
34,40,40
34,40,40
34,40,40
33,38,40
32,37,40
33,38,41
144,110,83
146,112,87
150,116,90
151,120,97
142,113,92
82,65,51
73,69,59
59,53,47
51,46,43
68,58,51
91,76,65
115,98,82
129,110,91
135,113,92
139,115,94
140,113,94
139,112,93
142,112,92
142,111,91
148,114,95
159,125,108
180,163,149
124,100,80
165,121,104
163,114,95
160,108,89
158,105,88
162,109,91
165,114,97
162,112,95
160,110,93
154,109,88
141,101,76
145,104,82
136,99,73
137,100,74
135,100,75
128,95,73
122,97,78
118,102,84
125,113,104
106,97,87
107,98,90
88,79,72
85,78,72
89,82,74
98,93,87
106,100,94
115,108,100
106,98,86
109,87,65
137,102,76
137,106,77
141,109,84
118,88,63
64,43,36
22,19,20
15,15,16
13,13,15
13,13,15
12,12,14
12,12,14
12,13,15
18,19,23
20,21,24
24,25,29
26,27,31
28,29,33
33,34,38
32,33,37
31,32,36
32,33,37
32,33,37
32,33,37
31,31,36
32,33,37
30,31,34
33,34,36
33,34,37
33,37,40
32,36,39
32,36,37
34,38,40
31,35,38
31,37,40
32,37,40
32,36,39
31,35,38
30,34,37
31,35,38
32,37,40
36,42,42
30,36,36
35,41,41
33,38,41
34,39,42
33,39,39
35,41,41
33,39,41
33,38,41
151,116,89
154,118,94
160,126,101
157,125,102
133,102,85
77,65,53
73,90,79
53,73,62
52,67,58
86,89,77
106,100,87
123,110,92
132,113,93
130,107,90
122,96,78
117,90,70
130,104,81
143,115,94
144,113,93
143,108,89
151,114,95
164,127,110
141,115,97
164,116,101
162,109,93
160,103,86
161,104,87
171,117,102
171,120,104
167,116,99
157,106,89
154,104,85
139,95,72
144,102,78
130,90,65
135,98,72
134,98,72
122,90,66
121,91,73
115,93,77
155,144,135
130,121,111
121,115,105
115,108,98
98,93,87
74,70,64
67,63,56
75,73,68
88,81,74
90,79,65
141,109,80
146,111,83
144,108,82
146,110,84
145,110,83
133,97,74
106,75,54
42,31,23
13,13,14
13,13,13
12,12,14
12,12,14
12,13,15
11,12,14
14,15,17
19,20,24
23,24,28
30,31,35
32,33,37
34,35,39
31,33,37
31,33,37
35,38,41
33,35,39
34,36,39
35,36,40
33,37,40
34,38,41
36,37,41
32,36,39
32,36,39
34,38,41
36,37,41
35,39,42
33,37,40
34,37,41
35,39,42
34,38,41
34,38,42
32,37,40
33,39,39
33,39,39
31,37,37
31,37,37
33,39,39
34,39,42
33,38,41
32,38,38
32,38,38
33,38,41
157,120,94
162,126,101
164,128,106
159,127,106
133,101,86
75,66,59
65,89,75
50,78,66
52,79,68
90,101,88
119,120,103
128,124,105
130,119,101
118,98,82
106,82,71
89,65,52
132,106,83
141,112,91
147,116,95
145,109,90
147,110,91
163,122,104
147,114,96
154,107,91
163,109,94
163,105,88
171,114,100
181,130,119
181,133,118
172,121,104
162,109,91
154,103,84
148,99,78
141,99,75
134,94,69
130,93,67
117,81,57
122,86,62
124,95,75
138,116,100
136,123,109
128,120,109
108,101,93
83,76,68
65,61,52
58,53,47
45,43,39
46,41,37
65,58,55
116,97,83
142,107,81
143,107,81
140,104,78
145,109,83
143,106,80
139,102,76
132,96,70
114,82,57
77,54,40
15,14,11
11,11,13
13,13,15
12,12,14
12,13,15
12,13,15
16,17,21
17,18,22
24,25,29
30,31,35
35,36,40
31,35,38
33,37,40
36,40,43
33,37,40
35,39,42
34,38,41
35,39,42
36,40,43
35,39,42
34,38,41
33,37,40
34,38,41
36,37,41
36,37,41
33,37,40
34,38,41
34,38,41
34,39,42
32,37,40
34,39,42
34,40,40
32,38,38
35,41,41
32,38,38
33,39,39
35,40,43
35,40,43
35,40,41
34,40,40
33,39,39
163,126,99
165,130,104
167,130,109
160,125,105
133,103,87
71,65,59
58,85,71
45,77,64
52,83,70
99,109,98
124,125,110
128,127,107
127,122,103
105,95,78
71,57,46
72,49,42
122,92,72
141,107,87
149,114,94
147,111,92
149,112,93
167,126,108
159,124,106
145,100,88
164,106,92
163,100,87
183,128,117
194,147,134
188,139,124
178,129,113
166,113,95
156,105,86
146,97,76
139,94,71
128,87,64
113,77,56
116,81,59
127,92,70
138,104,85
117,91,74
101,82,67
85,74,62
88,78,71
56,49,42
51,45,39
52,47,41
36,36,31
31,29,24
30,28,26
36,32,27
101,75,58
132,95,68
137,100,73
134,97,70
139,99,74
140,100,75
136,98,72
128,92,67
112,78,52
86,58,42
20,17,17
12,12,14
12,12,14
13,13,15
13,13,15
15,15,17
19,20,24
21,22,26
24,25,29
29,30,34
31,34,38
33,37,40
34,38,41
35,39,42
35,39,42
37,41,44
35,39,42
36,40,43
36,40,43
34,38,41
36,38,41
37,38,42
36,40,43
38,39,43
38,39,43
36,39,43
35,39,42
36,40,43
34,39,42
35,40,43
34,40,40
34,40,40
37,43,43
36,42,42
35,40,43
36,41,44
34,40,41
35,41,41
36,42,42
34,40,40
169,133,107
172,139,116
171,135,115
165,131,112
142,113,96
78,72,68
58,80,69
43,75,62
53,84,71
104,114,105
126,128,114
132,131,115
123,122,103
94,87,73
62,51,46
92,68,61
120,89,72
148,111,92
153,116,97
148,111,92
154,117,98
168,127,109
164,128,110
134,93,80
163,103,90
168,103,93
194,146,135
199,152,141
193,145,131
183,134,119
167,112,98
153,102,83
141,93,71
126,81,58
109,75,55
87,60,46
89,64,51
111,82,65
134,101,80
116,90,71
83,64,50
65,49,41
40,31,25
38,33,29
35,31,26
68,65,59
34,30,28
41,37,34
22,21,19
30,26,25
35,27,24
75,48,35
122,84,61
131,91,65
136,96,71
136,96,71
135,95,70
127,90,64
118,82,60
108,73,52
89,59,42
19,17,16
13,13,15
12,12,14
12,12,14
13,14,16
19,20,22
22,23,25
25,26,30
30,31,33
30,31,35
30,34,37
35,37,40
34,37,41
35,39,42
36,40,43
36,40,43
34,38,41
36,40,43
36,40,43
35,39,42
36,40,43
36,40,43
37,41,44
37,41,44
36,40,43
35,40,43
36,41,44
35,41,41
35,41,41
35,41,41
35,41,41
38,44,44
37,42,45
38,43,46
38,43,46
33,39,39
33,39,39
35,41,41
34,40,40
177,141,117
177,142,121
175,140,121
172,141,125
151,124,106
84,74,74
63,78,68
38,67,55
51,81,69
111,126,113
130,137,121
135,140,125
123,126,110
81,79,69
59,53,46
102,81,73
116,84,71
147,110,90
153,117,95
148,110,91
155,119,99
167,129,110
166,131,111
126,83,72
163,101,89
180,122,111
203,162,150
200,155,142
195,147,135
184,135,121
168,113,97
149,96,78
134,87,65
100,64,47
74,54,44
83,70,64
73,62,55
69,50,42
103,72,58
86,61,46
82,64,50
70,56,45
56,48,41
47,42,36
54,51,46
31,30,27
30,29,27
39,35,34
49,45,42
33,32,30
31,30,26
41,34,31
70,45,31
117,82,59
128,88,64
136,96,71
133,94,69
125,88,62
120,82,61
117,79,58
111,73,53
86,57,40
16,14,15
12,12,14
13,13,15
14,14,16
20,21,23
26,27,29
28,29,31
29,30,32
29,33,34
29,33,36
33,35,38
34,35,39
34,37,41
34,38,41
37,41,44
36,40,43
36,40,43
37,41,44
37,41,44
36,41,44
37,42,45
38,42,45
35,39,42
35,39,42
35,39,42
37,43,43
36,42,42
34,40,40
35,41,41
37,43,43
36,41,43
38,43,46
39,44,47
36,41,44
34,40,41
34,40,40
35,41,41
33,39,39
181,149,126
181,146,126
179,146,129
179,147,132
156,129,110
82,72,67
64,71,66
39,61,51
51,79,67
100,118,106
128,137,120
133,142,125
121,130,113
73,73,65
46,43,40
62,52,45
119,85,76
144,105,89
151,113,94
149,111,92
160,123,104
169,131,112
169,133,116
122,80,71
163,99,87
189,142,130
204,164,152
200,157,144
194,145,134
180,126,112
162,105,90
140,85,69
118,74,58
77,57,46
83,72,66
55,47,44
35,27,24
46,34,29
62,42,34
62,42,33
45,30,25
41,30,24
34,26,23
33,28,25
29,26,22
32,28,27
26,22,21
40,36,34
25,24,22
44,40,39
43,39,39
47,43,42
39,35,31
42,34,31
94,64,48
129,92,67
131,95,69
131,95,69
126,89,63
125,87,64
120,82,59
111,73,50
81,52,39
14,13,15
13,13,15
14,14,16
19,20,24
24,25,29
24,25,29
21,25,26
26,30,33
30,34,37
31,35,38
33,37,40
33,37,40
34,38,41
34,38,41
35,39,42
35,39,42
37,41,44
37,41,44
36,40,43
38,42,45
36,40,43
35,39,42
33,37,40
34,38,41
36,41,44
36,41,42
35,41,41
36,42,42
39,44,46
38,42,45
36,41,44
37,42,45
36,41,44
36,41,44
37,43,41
37,43,43
34,40,40
185,149,125
184,149,129
184,151,133
182,152,138
166,139,123
83,74,67
59,62,59
60,76,68
59,82,70
90,105,95
125,133,116
131,138,120
113,116,99
79,76,69
54,53,49
48,37,34
122,89,78
145,104,88
150,111,94
147,106,87
160,123,105
170,131,114
169,134,117
118,78,70
162,99,85
197,157,143
202,162,150
200,158,146
189,142,129
173,119,105
145,85,74
127,74,59
110,69,57
87,62,54
56,45,39
34,26,23
43,33,31
46,36,31
73,49,41
75,50,41
58,39,32
42,27,26
31,23,20
24,19,16
28,24,23
24,20,19
37,36,34
22,21,19
32,31,29
24,25,22
23,22,20
27,26,24
31,28,27
27,23,20
46,37,31
115,81,62
128,91,65
131,94,68
130,90,65
126,89,63
121,83,60
115,77,54
111,73,50
35,25,19
14,14,14
13,13,15
17,18,21
20,21,25
24,25,29
25,26,29
19,20,22
25,29,31
26,35,34
27,35,36
32,36,39
32,36,39
35,39,42
36,40,43
31,36,39
34,38,41
36,40,43
35,39,42
34,39,42
33,38,41
34,39,42
34,38,41
34,39,42
36,41,44
37,42,43
37,43,43
36,41,43
39,43,46
37,41,44
36,42,42
36,42,42
35,40,43
36,40,43
38,42,41
36,42,42
35,41,41
187,153,128
187,155,134
184,150,133
186,157,141
172,145,130
88,77,70
65,67,66
68,78,72
65,81,70
86,92,81
119,116,100
129,123,106
105,94,79
93,83,73
43,37,33
56,44,40
129,98,89
146,108,93
153,115,100
146,105,93
164,127,109
171,132,115
170,131,116
114,70,61
165,108,96
196,159,144
200,161,148
191,149,136
182,136,121
155,98,83
129,72,55
119,67,54
120,77,62
88,53,47
62,42,35
52,38,35
35,26,23
58,45,40
100,67,58
102,67,53
82,51,40
68,47,38
42,31,25
28,21,20
35,29,26
17,15,13
21,17,16
22,21,19
24,23,21
32,31,29
25,24,22
32,32,30
42,42,40
27,23,22
28,24,21
55,41,30
121,87,62
126,90,63
130,93,67
126,89,63
124,88,64
119,82,60
117,76,54
101,64,42
15,14,14
15,15,15
17,18,19
21,22,25
24,26,30
25,26,28
25,26,28
20,23,26
27,32,35
25,30,33
32,33,37
32,36,39
32,36,39
31,36,39
31,36,39
37,42,45
34,38,41
36,41,44
35,40,43
32,37,40
34,39,42
34,39,42
34,39,42
35,40,43
36,41,44
37,43,43
35,41,41
38,42,45
38,43,46
35,40,43
34,39,42
34,39,42
33,39,39
35,39,40
35,41,41
39,45,45
190,154,132
191,156,136
189,155,138
188,157,142
173,144,128
105,88,82
76,78,80
92,106,99
81,91,80
89,83,70
119,101,85
127,106,91
106,86,71
90,77,61
46,38,33
61,50,45
130,97,91
144,109,98
148,111,100
146,109,96
164,127,109
171,130,113
167,131,114
117,67,58
184,139,128
199,163,149
191,150,138
180,133,119
166,114,98
144,90,72
135,78,59
139,86,70
128,81,65
108,65,54
81,54,47
44,32,30
38,28,26
42,29,26
69,41,35
99,58,45
107,64,47
96,60,46
70,44,33
57,36,32
31,21,18
25,20,18
26,22,21
31,31,29
24,23,21
71,71,69
47,46,42
52,50,47
53,49,47
56,52,50
31,28,25
50,39,35
121,89,69
126,91,69
125,89,65
128,91,68
126,90,67
123,85,64
115,74,54
114,72,54
26,22,22
15,15,15
15,16,18
17,18,21
24,25,26
23,24,28
23,24,27
20,24,27
19,23,26
20,24,27
26,28,32
31,32,36
29,33,36
31,35,38
32,33,37
34,38,41
36,40,43
37,41,44
36,40,43
34,39,42
33,38,41
32,37,40
34,40,40
34,39,41
35,40,43
36,42,42
38,44,44
36,41,44
35,40,43
35,40,43
36,41,44
38,43,46
34,40,40
34,40,40
36,42,42
34,40,40
193,156,136
190,154,135
189,152,136
185,149,134
173,142,127
108,86,81
75,74,76
98,110,103
99,108,97
102,91,77
125,96,80
126,97,81
110,88,73
88,71,57
76,60,51
81,62,59
128,98,89
146,114,105
143,105,95
151,113,99
167,126,108
167,126,108
152,116,99
140,86,75
190,153,136
188,148,132
177,127,112
161,105,89
145,88,70
140,84,63
142,88,68
143,88,69
136,85,71
118,69,59
81,52,46
43,30,26
46,33,32
46,35,32
61,40,36
103,61,51
121,72,57
122,76,56
118,77,54
110,72,53
78,50,42
49,35,31
40,32,27
53,50,46
61,60,57
48,48,47
51,50,47
62,61,57
64,62,58
55,54,50
63,59,56
53,45,41
98,75,61
119,86,64
129,93,74
131,94,74
126,90,69
123,86,65
115,74,54
125,87,66
45,33,27
15,14,14
15,16,18
16,17,21
26,27,31
29,32,35
26,29,32
24,28,29
20,24,27
18,19,22
16,17,19
18,19,22
25,26,29
25,29,32
29,31,34
30,34,37
34,35,39
34,35,39
35,38,42
34,38,41
33,37,40
34,38,41
36,41,43
35,40,43
33,38,41
36,42,42
38,44,45
37,42,45
33,40,42
34,41,44
35,40,43
35,40,43
35,42,44
35,41,41
37,43,43
36,42,42
193,157,138
191,153,137
190,153,137
186,149,133
173,138,122
117,86,76
78,71,75
90,95,93
109,114,106
116,102,90
126,96,82
127,95,80
117,90,74
92,69,56
81,59,49
67,44,43
122,91,85
133,101,93
135,97,90
152,114,100
167,126,109
159,123,105
106,76,64
178,138,122
179,134,116
167,113,96
150,91,77
133,72,57
140,85,67
148,94,77
142,89,68
136,81,65
129,79,64
111,66,57
68,43,38
42,30,27
29,23,19
32,26,21
56,40,35
78,47,38
116,67,52
124,76,55
132,83,61
128,79,59
115,73,55
66,43,34
76,61,54
62,54,48
56,53,50
49,49,47
67,68,65
81,81,76
96,97,92
97,98,93
88,87,83
76,71,65
69,59,49
116,91,72
128,95,74
128,92,72
126,91,69
126,89,69
118,81,60
127,90,69
116,87,74
15,15,16
15,16,18
18,19,22
24,25,29
29,33,36
31,35,38
31,35,38
28,32,35
25,28,31
21,24,26
16,18,21
19,20,22
16,18,21
25,26,30
28,30,32
31,32,35
30,32,35
30,34,37
34,38,41
33,37,40
34,38,41
35,39,42
34,38,41
36,41,44
36,42,43
35,40,43
37,42,45
34,42,44
35,41,44
35,42,44
35,42,43
34,41,41
33,41,42
34,40,42
36,41,43
198,162,144
196,157,142
191,153,139
188,151,135
173,135,118
125,90,76
72,54,53
87,86,87
103,103,97
111,96,86
122,92,80
128,96,81
117,89,72
96,72,60
85,61,51
76,49,44
116,89,80
115,84,75
125,89,79
149,111,93
153,118,102
105,77,65
160,121,104
175,131,111
159,106,86
144,87,69
128,71,56
142,91,74
164,119,102
159,111,92
139,85,66
122,68,52
121,73,60
84,49,42
51,33,28
28,22,18
22,17,14
31,26,21
48,33,29
84,54,45
114,67,52
125,77,59
125,74,53
124,69,53
104,61,47
99,65,54
74,57,50
86,74,67
64,56,50
67,65,60
86,85,80
98,98,94
85,85,82
110,111,108
83,82,79
84,82,76
95,89,82
88,67,53
119,92,72
128,94,74
126,90,70
124,86,67
120,84,63
127,92,70
130,101,80
15,15,17
15,16,18
17,18,22
22,23,27
25,29,32
29,33,36
31,35,38
31,35,38
33,37,40
30,34,37
24,27,30
20,22,24
15,16,17
14,15,18
19,20,22
23,25,25
27,31,31
28,32,35
31,35,38
33,37,40
34,38,41
35,39,42
35,39,42
36,41,44
35,40,43
36,41,44
36,41,44
35,43,45
35,40,43
34,42,44
34,42,43
34,41,42
35,43,45
35,42,44
35,40,43
201,165,147
199,161,146
195,158,145
193,155,141
183,142,128
153,114,101
95,63,53
56,38,35
86,76,73
102,86,80
114,85,75
124,93,78
117,89,72
98,75,62
94,72,61
103,78,67
113,85,74
111,81,71
122,86,73
127,93,80
95,67,54
154,111,97
164,121,102
158,109,89
147,94,73
138,84,64
135,83,64
146,96,77
158,109,90
156,108,88
134,84,65
110,57,45
103,57,45
61,35,29
34,22,20
28,23,20
25,20,17
27,22,17
43,31,28
84,53,44
111,64,54
116,67,53
123,72,56
123,73,58
119,74,62
107,71,59
74,51,42
100,84,74
121,109,103
94,88,83
46,41,40
40,35,34
63,61,60
49,48,46
96,96,93
83,81,76
65,60,55
98,87,76
101,75,59
118,84,65
126,89,70
126,89,70
122,86,66
126,94,71
128,96,73
15,15,17
15,16,18
18,19,22
23,24,28
25,28,31
26,29,32
28,32,34
29,32,35
33,35,39
34,38,41
30,34,37
27,29,31
22,23,25
17,18,20
14,15,17
14,15,16
17,20,20
22,25,27
28,31,35
29,33,36
28,32,33
32,36,39
32,36,39
33,37,40
35,41,42
37,42,45
36,41,44
35,44,45
36,42,45
34,41,44
34,42,44
34,42,44
34,42,44
34,42,44
35,41,44
204,170,154
201,167,154
200,163,150
195,157,144
188,146,132
172,127,115
142,100,86
109,73,62
74,49,42
62,47,44
100,77,72
114,83,72
114,88,73
98,79,66
92,73,62
102,79,68
101,73,63
103,74,64
100,71,61
88,56,46
137,91,75
146,98,82
144,96,76
145,97,74
148,98,76
152,102,81
158,109,89
164,116,96
166,118,98
158,109,88
137,90,70
110,60,48
111,65,55
55,36,29
33,25,20
30,25,22
29,24,21
32,27,22
35,24,21
77,45,38
110,67,59
111,63,52
115,67,54
101,62,50
118,78,63
111,77,67
101,70,61
82,60,49
81,62,57
60,50,48
59,53,52
86,82,81
62,59,57
75,74,71
39,38,35
38,34,32
54,49,45
63,57,51
100,82,68
109,77,61
121,87,66
124,88,68
132,96,76
130,97,75
128,96,76
16,16,18
15,15,17
17,18,20
21,22,26
24,25,29
26,27,31
27,29,32
30,31,33
32,33,36
33,36,39
32,35,38
33,34,36
30,31,33
23,24,27
18,20,22
17,18,20
13,14,16
16,17,19
18,19,21
23,27,29
27,30,32
28,32,35
29,33,36
32,36,38
33,39,39
34,39,41
34,39,42
34,41,42
35,43,45
33,41,43
33,41,44
36,44,46
35,42,44
33,41,43
33,41,43
210,178,167
206,172,160
204,168,156
201,163,150
194,154,142
185,141,128
170,127,111
151,109,94
124,82,67
88,59,50
42,30,28
50,34,34
52,38,37
53,35,31
38,29,24
37,27,22
76,50,39
100,63,47
108,65,48
127,77,60
139,88,70
140,90,73
151,102,86
169,123,103
177,134,117
182,141,125
186,146,129
192,147,131
186,140,121
171,119,99
150,98,81
130,84,68
115,69,57
61,40,33
31,22,19
28,22,22
38,31,29
36,28,25
51,40,32
79,46,40
112,68,62
102,60,50
92,56,48
102,66,57
140,106,98
101,63,55
103,70,61
107,76,66
84,63,55
127,117,114
88,82,76
83,79,76
86,85,81
92,93,88
44,43,39
44,40,39
43,38,35
59,51,45
90,74,64
130,103,88
118,83,63
123,89,68
134,100,76
133,100,79
129,98,75
16,16,17
16,17,19
17,18,20
23,22,27
21,22,26
23,24,28
26,26,28
27,27,30
29,30,34
30,31,35
30,31,35
31,33,35
31,32,35
27,31,34
28,30,32
23,25,27
18,19,21
16,17,19
14,15,17
16,17,19
20,21,23
22,25,26
26,30,33
29,33,36
29,34,35
30,36,36
32,37,40
33,38,42
33,41,43
31,39,42
34,41,44
35,41,45
33,39,41
33,41,43
35,43,45
207,175,162
206,174,161
206,173,158
203,169,154
198,159,147
196,159,145
187,146,132
174,132,114
159,112,96
111,72,59
87,57,47
107,67,51
93,58,42
78,47,34
71,51,41
36,24,20
79,43,31
125,80,65
150,100,83
158,104,87
165,115,96
177,128,108
185,141,123
191,150,133
198,161,143
205,166,149
204,167,151
203,161,148
200,159,143
192,147,131
162,106,89
138,89,72
124,77,61
81,54,45
32,21,19
34,26,24
32,26,25
31,21,21
46,31,29
76,37,33
118,75,68
84,50,42
71,41,35
100,65,56
102,65,58
108,73,65
101,64,55
134,106,98
142,125,119
112,101,93
129,122,116
135,131,124
92,87,82
49,45,42
90,87,82
53,49,46
62,58,55
59,48,43
74,55,47
106,77,61
113,77,57
132,96,74
143,108,86
139,104,84
115,87,68
15,15,17
17,18,20
16,18,17
23,22,26
24,23,28
24,25,29
26,25,30
25,24,29
25,24,29
28,27,32
28,29,33
31,31,35
32,32,36
33,33,38
32,32,37
27,31,32
26,28,30
22,23,25
19,20,22
17,18,20
15,16,18
17,18,20
20,21,23
24,26,30
26,30,33
26,31,34
26,31,34
29,34,38
30,37,40
29,37,39
34,39,42
33,41,44
32,40,42
33,41,43
36,44,46
211,178,167
209,177,164
207,175,162
202,168,154
201,165,151
198,162,148
192,154,141
181,136,121
168,121,106
120,80,71
119,76,63
137,88,72
125,79,62
113,70,52
130,90,69
154,114,87
177,138,116
185,142,121
193,150,134
195,151,135
196,156,136
198,155,140
203,162,147
210,172,159
211,171,160
213,173,161
213,178,164
216,178,167
210,172,162
198,160,147
180,124,108
154,98,82
131,80,65
115,72,58
63,38,33
52,36,33
34,23,19
32,20,19
73,40,37
103,53,44
122,75,65
80,47,42
70,42,38
100,67,64
102,65,58
112,71,63
143,112,102
140,108,98
115,84,74
100,77,68
82,66,62
81,72,67
64,58,52
57,53,50
104,101,96
74,70,67
49,45,42
43,35,34
71,53,45
117,88,74
132,100,79
142,110,89
151,120,97
139,107,86
47,37,26
16,16,18
18,19,21
19,20,22
21,20,25
22,22,24
21,22,24
22,21,26
28,27,32
24,23,28
23,24,28
25,25,29
27,27,32
29,30,34
30,32,35
27,28,32
29,30,34
29,30,34
27,28,30
26,27,29
20,22,24
20,21,23
16,17,19
17,18,20
21,22,24
22,23,27
22,26,29
24,28,31
29,30,31
28,32,34
27,31,34
32,37,40
31,39,42
34,39,42
35,39,42
36,40,43
213,181,168
211,179,166
211,179,168
208,177,165
205,171,160
202,169,154
198,161,147
191,149,134
180,132,119
133,96,85
142,96,86
163,109,93
177,131,115
187,142,126
195,153,135
202,164,143
209,172,155
212,175,160
213,178,164
215,177,163
218,179,168
220,180,170
220,180,169
221,182,171
225,187,178
225,187,178
224,187,178
219,182,173
215,177,168
203,164,151
186,137,123
161,99,85
137,82,67
117,69,55
106,67,57
81,56,52
58,36,34
63,40,38
90,48,41
103,53,44
113,65,54
77,43,41
65,37,33
100,67,63
124,86,80
124,80,71
143,100,86
150,111,97
129,95,79
123,96,85
110,89,84
100,90,83
108,102,96
140,137,131
120,116,113
100,99,94
89,88,85
37,33,29
64,52,44
124,96,80
143,110,91
149,114,92
150,116,91
147,112,91
30,27,25
18,18,20
19,20,24
24,25,27
23,24,26
21,22,24
25,24,29
23,23,25
23,23,25
22,22,24
22,23,25
24,25,29
25,26,31
26,27,31
25,27,29
27,28,32
28,29,32
28,29,31
29,30,32
28,29,33
25,26,30
22,23,25
18,21,22
16,17,19
18,19,21
16,17,19
19,20,23
21,22,24
23,24,24
25,27,30
28,29,33
28,32,35
29,34,36
31,35,38
34,35,39
35,36,40
212,180,167
212,180,167
210,178,167
211,179,168
207,175,165
203,169,154
202,164,150
196,157,140
193,150,135
146,110,99
164,122,109
180,133,118
206,171,157
213,180,166
217,183,170
222,186,173
225,187,177
227,194,182
229,195,184
235,199,189
234,197,187
235,197,188
237,199,190
236,198,189
237,199,190
236,198,190
232,198,190
225,191,181
220,183,174
210,172,162
196,151,136
171,112,98
147,90,72
123,74,60
110,68,57
75,50,46
57,36,33
52,33,31
63,33,28
103,51,43
130,83,73
108,66,60
93,57,49
95,56,50
127,81,74
130,84,76
157,115,103
175,145,132
171,138,128
138,111,103
127,109,103
95,86,81
83,78,72
91,88,81
80,76,72
97,94,89
66,62,60
69,65,62
61,52,46
127,101,87
151,119,96
155,121,99
150,115,93
139,113,92
19,19,18
21,21,23
20,20,22
26,26,28
24,25,27
24,25,27
23,24,26
24,25,27
24,25,27
27,28,32
24,24,28
25,24,29
26,25,30
25,24,29
26,27,31
26,27,31
27,28,32
32,31,36
33,32,37
32,33,37
29,30,34
28,29,31
21,28,28
20,25,23
21,23,22
20,22,21
19,21,20
17,19,18
19,21,20
19,20,22
22,23,25
23,25,27
23,28,29
25,29,32
27,31,34
27,31,34
211,179,168
212,180,169
211,179,168
211,179,168
210,178,167
207,173,161
204,167,154
204,168,153
201,165,151
160,131,118
176,137,124
194,152,137
224,194,184
237,204,194
241,207,197
245,212,203
248,215,206
252,218,209
252,213,206
253,215,208
251,212,205
250,210,202
246,206,198
251,208,201
246,205,197
245,206,199
246,212,203
243,209,200
228,192,184
220,182,172
204,161,150
177,124,110
161,108,90
140,91,74
83,53,45
61,40,37
51,36,32
41,27,24
66,39,32
102,50,44
149,100,93
134,90,83
105,62,56
108,64,57
131,82,75
141,91,83
156,110,103
159,119,109
150,121,112
145,124,117
136,124,117
126,116,111
120,116,111
93,90,85
113,109,106
62,58,55
53,51,49
80,77,72
60,51,45
115,97,87
152,120,97
159,124,102
157,123,98
98,77,65
21,21,23
24,24,26
22,23,27
24,24,27
28,29,31
26,27,29
27,27,29
27,27,31
28,27,32
28,29,33
28,28,33
28,27,32
30,29,34
29,30,34
29,30,34
30,31,33
33,34,36
36,37,39
34,37,40
32,33,37
33,34,38
32,33,37
26,31,32
23,30,28
26,28,27
25,26,28
23,25,24
22,24,23
21,22,24
19,20,24
20,20,22
20,21,23
19,23,26
21,25,28
21,25,28
21,25,28
209,177,166
209,177,166
211,179,168
210,180,169
208,176,165
209,177,166
208,176,164
206,172,160
204,171,156
164,137,124
187,157,147
199,162,146
228,199,189
242,209,199
245,209,200
251,216,206
253,216,207
253,216,208
251,212,205
251,212,204
252,209,202
251,208,201
250,207,198
249,204,198
246,203,196
246,206,198
252,215,207
250,216,207
239,205,196
226,189,180
208,170,155
178,131,117
163,117,100
124,78,67
72,49,43
76,58,54
64,51,48
40,31,26
43,28,24
106,55,51
163,113,109
155,112,103
126,80,72
133,85,78
140,87,83
148,97,89
168,129,118
165,127,117
172,148,143
156,130,125
128,114,107
104,95,89
88,84,76
105,101,98
102,98,95
72,68,65
79,75,74
57,53,51
70,61,56
117,100,91
151,120,99
159,123,99
163,131,108
39,35,30
22,22,24
27,27,31
26,27,31
30,29,34
29,30,32
26,27,31
29,28,33
32,31,36
32,31,36
31,31,35
33,32,37
33,34,38
33,34,38
35,36,40
36,37,41
40,41,45
38,39,43
38,39,41
36,37,41
34,35,39
36,37,41
35,36,40
29,34,37
30,34,36
30,31,33
26,27,31
27,28,28
24,28,27
22,25,28
22,24,28
20,21,24
20,21,23
19,23,25
17,21,24
18,22,25
18,24,24
211,181,171
212,182,172
213,180,171
213,183,173
211,180,168
210,178,167
208,176,165
206,174,161
202,169,155
161,132,121
178,145,136
191,154,138
189,152,137
183,148,135
191,156,144
219,184,171
237,199,186
245,202,194
245,202,193
245,202,193
247,204,195
247,204,195
247,204,195
246,203,194
245,202,195
246,206,198
247,209,200
250,213,205
246,210,202
226,192,182
200,161,146
168,123,109
139,88,75
100,62,55
88,63,58
106,92,87
87,75,74
50,43,40
64,44,42
114,60,57
167,117,110
148,99,89
132,81,70
149,97,86
184,143,131
190,149,141
163,125,117
163,131,118
142,107,99
139,110,104
130,116,110
89,82,76
76,72,67
60,58,54
108,107,103
94,91,85
53,50,45
87,83,80
57,53,49
141,127,113
148,119,98
157,122,100
172,141,120
38,35,34
26,27,29
28,29,33
34,35,39
34,33,38
35,35,39
34,35,39
35,36,40
38,39,43
38,39,43
38,39,43
38,39,43
41,42,46
42,43,47
42,43,47
40,41,45
42,43,47
41,42,46
41,42,46
37,41,44
37,41,44
37,41,44
38,39,43
34,37,42
31,35,39
30,34,37
31,35,38
31,32,34
29,33,33
24,32,34
23,28,31
23,25,27
23,24,26
19,25,25
19,25,25
19,25,25
20,26,24
212,184,173
212,182,172
213,180,171
212,179,170
210,179,169
208,178,168
204,170,158
197,162,150
187,150,137
168,134,121
120,85,78
133,81,67
133,81,70
131,86,75
94,64,49
98,57,37
141,94,67
204,167,154
239,201,189
246,204,195
249,205,196
246,203,194
248,205,196
247,207,197
243,203,193
243,203,193
244,206,197
246,208,197
243,207,195
228,196,185
190,145,133
124,63,57
145,96,83
120,77,71
111,87,82
88,75,72
64,55,53
80,69,67
55,34,29
139,85,81
181,138,130
168,119,109
156,103,91
174,127,110
202,166,150
187,146,132
191,156,144
184,152,144
182,155,149
180,162,154
134,126,119
162,158,155
139,136,131
88,85,81
96,92,90
144,141,134
60,55,49
41,37,32
59,54,48
132,109,96
141,106,84
155,121,95
193,171,152
35,33,35
31,32,34
30,31,33
35,36,40
39,40,44
37,38,43
38,39,44
39,40,44
41,42,46
38,39,42
42,43,47
43,44,48
43,44,48
44,45,49
43,44,48
44,45,49
45,46,50
45,46,50
46,47,51
44,45,49
42,43,47
37,40,44
36,40,43
37,41,43
34,38,41
37,41,44
36,40,43
36,39,42
33,38,41
29,37,39
25,33,35
26,32,34
25,30,33
22,27,30
21,26,29
21,26,29
22,28,29
213,185,174
211,181,171
210,177,168
210,177,168
206,173,164
202,167,154
193,157,144
183,143,128
159,121,103
115,82,69
63,45,44
88,70,62
92,75,67
86,72,66
65,52,47
67,46,39
137,105,86
161,124,98
176,132,114
230,193,184
249,208,197
251,208,200
247,207,197
242,202,192
240,200,190
239,199,189
242,201,191
243,204,193
244,208,196
231,197,185
199,155,142
119,51,42
154,99,89
147,107,97
161,136,131
113,99,93
72,58,58
61,48,45
47,30,27
137,86,81
182,140,131
176,127,112
189,150,132
192,153,137
192,158,143
203,173,160
196,167,158
165,129,122
158,130,121
153,128,118
140,130,122
142,139,133
120,119,114
94,93,89
106,105,100
107,104,97
83,81,74
100,95,89
95,87,77
150,126,108
162,128,105
193,167,144
208,189,174
33,33,35
35,36,39
32,33,36
44,45,49
39,40,44
42,43,48
39,40,44
40,41,45
43,44,48
40,43,47
44,47,51
44,45,49
45,46,50
46,47,51
46,47,51
42,43,47
45,46,50
46,47,51
42,46,49
43,47,50
45,48,51
39,43,46
37,41,44
36,40,41
39,43,45
40,44,47
36,41,42
36,40,43
37,42,45
36,41,44
35,40,43
33,38,41
31,36,39
28,35,38
27,33,36
29,34,37
30,34,37
215,186,178
213,183,173
209,176,167
209,176,167
202,167,157
188,151,136
168,127,112
134,96,79
90,62,52
105,90,82
143,128,109
151,123,104
137,100,84
124,93,80
138,112,100
167,147,132
167,145,126
167,143,121
157,134,115
143,102,93
207,168,157
242,206,198
248,209,200
244,204,193
235,195,184
234,193,181
243,199,190
247,203,194
250,208,197
241,205,193
202,156,140
135,61,50
166,109,99
186,157,152
154,119,115
136,109,104
93,79,74
95,81,78
57,39,36
143,100,94
189,152,141
188,149,134
191,154,136
206,175,160
211,182,167
202,173,161
201,172,161
168,136,123
149,116,109
139,115,109
129,120,112
84,81,74
119,118,114
130,129,125
81,78,72
82,79,72
125,123,116
87,80,74
117,104,91
161,135,118
188,164,140
210,191,170
214,196,180
39,39,43
36,37,41
35,36,40
40,41,45
43,44,48
41,42,47
43,44,48
45,46,50
46,47,51
43,45,49
46,47,51
47,48,52
44,45,49
43,44,48
45,46,50
44,45,49
43,44,48
42,43,47
40,43,46
41,45,48
39,43,46
43,47,50
39,43,46
44,48,51
43,47,50
42,46,49
38,42,45
41,45,48
48,50,54
40,45,48
37,44,46
39,47,47
40,48,50
39,46,49
38,46,49
40,44,48
38,42,45
218,189,181
215,186,177
211,178,169
206,174,164
193,157,144
162,123,109
115,79,71
77,59,54
111,107,98
137,133,117
149,135,115
146,117,99
128,91,74
118,84,70
135,109,97
171,150,132
174,151,134
185,162,140
184,153,132
177,150,134
143,104,89
194,149,134
238,203,194
249,209,200
234,195,183
219,176,162
221,177,165
239,196,187
250,206,196
238,199,188
201,151,134
174,108,94
213,180,169
213,185,179
169,134,130
124,96,91
92,74,73
85,71,68
66,49,44
148,116,107
198,168,156
204,172,157
213,181,165
213,179,165
213,186,172
217,190,178
200,177,166
183,160,152
155,137,130
123,110,102
127,120,117
139,135,131
122,121,117
95,93,88
112,109,102
95,92,85
93,90,83
121,116,106
149,134,120
191,168,153
211,193,174
225,206,189
208,191,174
37,38,41
36,37,41
36,38,42
40,43,47
43,46,50
45,46,50
43,44,49
44,45,49
44,45,50
45,46,50
46,47,51
45,46,50
46,47,51
44,45,49
44,45,49
42,43,47
41,44,47
41,42,46
40,42,46
41,45,48
44,48,51
43,47,50
40,44,47
41,45,48
41,44,47
42,48,50
44,50,53
41,48,50
43,50,53
42,48,51
42,50,52
42,50,51
45,53,54
40,51,52
41,49,52
39,49,51
37,44,47
218,190,181
213,185,175
212,180,171
202,169,158
187,152,138
144,106,97
75,61,57
98,106,96
115,123,110
133,131,113
150,138,118
141,113,94
126,89,72
111,75,63
124,92,82
140,109,94
175,149,134
175,146,132
188,160,141
187,152,131
180,149,132
140,102,88
187,137,123
229,196,186
235,200,189
221,181,166
204,152,133
193,130,116
216,169,156
222,182,168
212,172,159
223,184,175
225,190,181
216,184,175
193,162,155
149,122,115
118,102,98
104,92,88
97,80,73
115,78,68
187,149,133
209,176,161
215,186,170
223,193,178
218,192,180
203,175,164
192,168,157
171,152,141
177,169,165
183,182,177
181,181,177
163,160,158
145,144,141
138,137,133
114,111,106
110,107,99
106,101,92
108,102,89
175,163,153
204,187,171
229,209,192
226,207,190
140,125,114
36,39,43
37,38,42
35,38,41
44,48,52
47,49,53
46,47,51
45,46,51
46,47,51
46,47,52
43,44,48
45,47,50
44,46,50
44,47,50
44,47,50
41,44,47
41,44,47
40,44,47
39,42,45
40,43,46
41,45,48
40,44,47
40,45,48
41,45,48
41,46,49
44,49,52
42,50,52
47,53,56
42,50,52
44,52,54
41,49,51
42,50,52
43,51,53
44,52,54
40,51,52
39,50,51
38,48,49
37,47,48
221,194,185
215,187,176
211,182,172
204,174,162
181,148,133
110,87,74
84,93,85
101,117,105
109,122,106
135,136,117
148,144,122
137,119,98
118,84,71
106,69,60
103,67,59
122,84,77
169,138,126
164,126,115
173,139,127
190,155,137
189,151,133
181,150,133
140,99,83
185,137,119
230,200,190
227,192,181
205,158,141
191,123,107
189,124,108
197,147,127
212,175,161
221,184,172
224,188,178
216,184,173
202,173,164
163,139,130
103,85,77
72,58,51
62,41,34
122,81,70
179,139,121
207,175,160
223,196,181
224,197,182
208,185,170
201,178,166
184,166,154
183,173,166
148,140,136
146,144,140
162,162,158
162,161,159
110,110,106
96,96,91
91,89,85
94,91,86
109,103,94
135,125,111
201,190,177
224,205,188
232,211,194
224,204,187
71,69,66
35,39,42
36,37,41
36,37,41
42,45,49
49,50,54
48,49,53
50,51,55
47,49,53
42,44,48
40,41,45
39,42,46
39,42,45
38,42,45
38,42,45
40,44,47
40,43,47
38,42,45
39,43,46
39,44,47
42,46,49
43,47,51
46,51,54
45,50,53
45,50,53
45,50,53
43,49,52
44,50,53
42,49,52
42,50,52
45,53,55
41,49,51
40,48,51
39,47,49
35,44,48
35,46,47
34,44,45
34,44,45
223,196,186
219,191,180
214,186,176
207,180,171
168,132,119
80,68,58
84,105,92
90,111,98
113,127,109
139,140,122
148,149,128
138,136,114
113,95,81
103,73,63
98,69,60
113,73,66
159,119,111
167,127,117
166,124,114
180,144,129
194,161,143
190,153,135
171,149,134
166,112,91
206,166,155
227,195,184
215,173,159
201,148,133
190,125,109
183,119,100
195,147,129
209,171,157
212,178,165
210,177,166
198,170,160
159,136,126
86,70,62
53,41,36
75,48,38
134,83,71
186,149,134
201,174,154
216,193,179
211,190,174
202,177,162
175,149,135
170,154,143
134,121,116
149,145,142
158,155,151
127,126,122
145,146,143
132,133,128
104,103,99
113,112,108
146,146,141
149,144,137
175,162,148
205,189,174
232,211,193
225,204,186
212,196,178
47,47,51
35,38,42
37,38,42
41,43,47
44,48,51
51,52,56
51,52,56
48,49,54
44,47,50
39,40,45
37,38,43
38,39,43
38,39,44
37,40,44
39,42,46
39,43,46
41,44,49
42,46,49
43,47,50
44,47,52
47,50,55
48,52,55
47,51,54
51,53,57
47,51,54
46,51,55
45,50,56
43,48,54
39,47,50
38,47,48
39,47,48
37,47,48
37,47,46
34,44,44
36,45,44
35,41,43
31,36,39
34,41,43
227,200,189
222,195,184
217,190,181
204,178,168
164,132,120
75,67,57
72,93,81
81,102,89
108,118,101
145,142,125
147,144,124
133,128,106
105,85,71
98,74,63
81,64,55
113,78,71
155,112,101
159,115,104
167,123,114
172,131,119
192,160,143
192,155,136
181,149,134
161,108,89
180,124,111
231,200,194
223,186,176
212,166,154
200,146,131
185,120,102
177,113,93
188,136,121
197,158,142
198,168,153
176,144,133
133,111,101
97,84,81
47,38,33
60,38,30
126,80,66
173,137,123
178,147,129
193,168,154
182,160,147
157,134,125
154,134,128
115,102,98
153,148,144
74,70,66
101,100,98
150,151,146
125,126,122
152,153,148
154,153,149
135,134,129
114,112,108
166,157,145
196,182,168
226,208,192
222,201,183
213,194,174
78,64,59
36,40,43
37,38,42
36,37,41
43,46,49
46,50,53
48,49,53
42,43,47
39,40,45
38,39,44
39,40,44
38,39,44
37,39,45
36,39,44
39,42,47
38,41,46
43,46,51
46,49,55
48,50,54
48,51,54
48,51,55
48,51,56
49,53,57
47,49,53
48,51,54
42,45,50
40,44,49
42,47,50
38,44,50
36,45,47
35,41,44
33,41,43
33,40,42
32,39,39
31,38,38
30,36,36
27,32,35
26,31,34
28,33,36
229,201,190
224,197,186
222,195,186
205,180,171
167,136,126
71,65,57
65,75,67
78,84,72
109,99,85
145,129,111
155,142,123
135,119,97
101,77,66
71,58,48
70,58,49
109,84,72
165,122,108
159,113,101
170,127,118
172,130,118
184,148,132
193,159,140
186,154,138
162,111,99
177,114,102
229,196,191
229,191,183
216,175,164
207,163,148
194,144,126
185,127,111
171,112,91
174,125,105
174,134,117
162,134,122
118,104,96
63,55,49
83,71,66
67,43,36
110,71,58
154,124,109
131,107,91
148,125,111
118,95,86
103,86,79
86,75,70
124,119,117
118,115,112
102,101,99
105,101,100
130,127,126
150,149,147
149,150,145
144,143,139
118,115,109
148,139,131
186,173,161
226,208,192
226,205,185
204,181,163
81,59,52
41,44,46
38,40,44
38,39,43
43,44,48
46,49,52
49,53,56
36,39,42
35,36,40
32,34,37
37,38,43
39,40,44
38,39,43
37,40,47
39,44,50
45,48,53
43,46,51
47,50,55
47,50,55
50,52,56
48,49,53
42,45,49
39,44,48
36,44,47
38,45,48
37,42,45
35,39,42
34,38,41
31,36,36
31,36,38
31,36,38
32,37,40
30,35,38
28,32,35
27,32,35
27,32,35
27,33,33
25,29,31
23,28,31
24,28,31
232,204,193
226,199,188
224,200,190
205,185,171
154,128,114
73,63,54
61,54,47
66,54,46
116,93,76
157,128,109
168,146,124
140,113,90
113,90,77
52,44,38
45,36,32
104,85,75
169,131,119
169,126,111
176,137,124
181,146,133
189,157,143
200,169,152
191,159,143
167,117,103
179,110,100
224,188,183
236,199,191
225,184,178
218,179,170
206,161,147
195,149,133
183,129,112
167,114,94
150,105,88
112,86,76
78,68,57
73,64,59
60,53,48
85,57,48
101,72,60
139,113,98
119,100,86
93,77,67
85,69,61
121,112,109
91,86,83
100,97,94
121,120,118
130,130,128
139,137,135
134,130,128
126,124,122
116,114,109
116,110,103
137,128,121
188,171,159
212,195,180
218,198,181
160,131,115
63,49,48
45,47,50
36,39,42
36,37,42
37,38,43
39,40,44
43,44,49
36,39,44
33,34,38
30,33,36
31,34,37
37,41,44
41,42,46
43,44,48
46,48,53
45,49,52
45,49,54
45,48,53
43,46,51
39,46,49
41,45,49
38,42,45
36,41,44
35,39,42
32,37,40
33,38,41
32,37,40
29,34,37
35,39,42
31,35,38
31,35,38
31,36,39
30,35,38
30,35,39
30,34,37
30,35,38
31,36,39
29,34,37
28,33,37
29,34,37
27,32,35
233,206,195
228,201,190
223,200,190
205,185,176
154,133,115
68,56,47
67,55,49
66,55,47
131,104,88
168,139,123
182,159,138
152,119,92
123,99,89
52,42,35
64,53,45
122,101,95
174,143,127
181,145,127
181,147,128
189,160,144
201,174,160
208,180,165
198,168,151
179,125,108
184,117,106
219,181,177
241,203,197
235,194,188
226,186,178
214,172,160
201,157,140
191,143,126
174,124,107
133,88,72
107,82,72
76,66,56
62,52,46
48,39,34
81,55,45
110,82,71
102,81,68
131,118,107
109,96,89
92,81,76
52,49,46
95,93,91
107,106,104
95,95,91
98,98,96
112,109,108
117,113,110
114,112,109
145,140,136
152,140,133
193,176,166
205,187,170
216,195,176
117,87,77
52,48,44
46,46,50
41,42,47
39,40,44
34,35,40
44,45,49
35,37,40
34,36,38
31,32,36
38,39,43
40,43,46
41,42,46
47,48,51
48,49,53
45,49,52
46,47,51
41,45,48
37,40,45
36,39,44
37,40,45
33,37,40
30,34,37
29,34,37
30,35,38
29,33,36
30,34,37
28,33,36
28,33,36
28,33,36
29,33,36
28,32,35
30,34,37
31,35,38
30,35,38
30,35,38
31,35,38
32,36,39
29,34,37
29,34,37
26,34,36
30,35,38
29,34,38
233,206,195
231,204,193
222,200,190
204,185,175
160,139,124
71,58,48
70,59,52
71,59,51
138,109,94
177,152,137
192,171,155
168,135,111
141,116,105
77,60,53
87,72,64
154,129,123
183,151,136
195,165,149
187,155,136
197,168,152
213,189,176
218,190,177
200,173,161
194,150,134
197,141,129
217,176,168
246,207,200
241,200,194
231,190,182
217,175,166
206,165,150
194,147,128
173,125,105
147,97,78
124,96,82
81,60,52
97,79,72
82,61,51
122,93,78
139,111,98
142,124,112
126,116,106
140,133,126
102,96,92
108,104,101
105,105,100
91,91,88
107,106,102
101,102,97
97,97,95
110,109,105
120,116,111
156,147,139
190,173,160
215,197,182
152,130,117
74,64,58
49,50,51
45,46,49
41,42,46
39,40,45
38,41,46
41,43,48
37,38,42
36,40,43
39,42,46
43,47,50
45,49,52
47,48,52
47,48,52
44,46,49
40,43,47
37,40,43
35,36,40
33,34,38
32,36,39
31,35,38
31,35,38
34,38,41
31,35,38
30,34,37
28,33,36
28,33,36
27,31,34
32,36,39
30,34,37
31,35,38
32,36,39
33,37,40
33,37,40
33,37,40
33,37,40
32,37,40
34,38,41
34,38,41
35,39,42
35,40,43
32,37,40
35,40,43
33,37,41
234,206,194
233,206,195
224,199,189
203,183,171
167,146,132
86,71,61
94,82,73
90,73,65
146,121,107
184,162,145
193,170,153
173,140,117
147,115,100
118,96,83
131,103,95
178,146,139
197,170,154
214,189,174
198,170,151
205,179,164
224,199,188
219,189,177
196,172,161
208,168,156
206,157,143
212,164,156
246,206,199
244,203,197
233,189,183
222,182,172
213,175,163
200,158,142
183,139,118
162,114,92
133,94,76
122,88,70
130,103,85
144,118,99
173,145,125
176,158,144
154,139,128
133,127,119
135,131,124
136,132,129
115,114,110
94,93,88
70,68,61
60,59,55
52,51,49
79,78,74
103,99,96
164,155,146
162,145,137
148,136,127
76,65,63
79,76,78
63,64,65
46,49,52
41,42,46
37,38,42
39,42,49
37,41,45
41,45,49
46,49,54
46,50,53
45,47,51
47,48,52
39,43,46
38,42,45
35,39,42
33,34,38
33,34,38
32,33,37
30,31,35
30,31,35
31,32,36
32,33,37
31,34,37
29,33,36
31,35,38
33,37,40
32,36,39
32,36,39
33,37,40
33,37,40
33,37,40
32,36,39
34,38,41
33,37,40
35,37,40
34,39,42
32,37,40
33,38,41
32,37,40
33,38,41
34,39,42
31,36,39
32,36,39
35,39,42
32,37,40
232,206,193
232,205,194
223,199,187
200,181,167
158,136,122
102,84,73
96,81,73
98,80,72
155,133,120
186,165,151
193,168,151
176,144,121
143,101,83
155,129,114
119,80,72
180,147,140
211,186,172
222,199,183
210,184,168
210,184,171
218,190,177
223,186,176
206,185,175
229,191,180
220,176,165
225,180,171
250,207,201
246,203,196
233,191,184
226,186,176
217,180,168
207,169,154
189,146,124
175,131,107
156,113,94
154,116,95
179,153,136
178,152,132
187,166,147
186,171,158
165,156,149
135,127,117
113,110,103
128,127,121
140,140,134
127,126,121
121,117,114
92,91,88
106,105,100
85,84,82
119,116,117
67,63,64
58,58,61
53,54,58
49,50,54
47,48,52
43,44,48
39,41,44
38,39,43
43,47,50
44,48,51
47,51,54
45,50,53
44,47,51
39,40,44
37,38,42
34,35,39
31,35,38
30,34,37
31,33,37
31,32,36
32,33,37
31,32,36
28,29,33
29,30,34
31,32,36
32,33,37
30,34,37
31,35,38
31,35,38
31,35,38
33,37,40
31,35,38
31,35,38
31,35,38
32,36,39
30,34,37
32,35,39
31,35,38
30,34,37
28,33,36
29,34,37
27,32,35
26,31,34
29,34,37
31,36,39
32,37,40
33,38,42
34,39,43
34,39,43
229,203,190
231,205,192
222,198,186
204,182,168
157,136,118
99,83,69
112,97,86
108,91,80
149,130,118
186,165,153
195,174,158
189,163,142
160,123,98
159,130,111
138,104,86
194,167,155
217,194,180
221,198,182
214,188,175
208,180,166
221,187,174
239,202,194
209,188,180
252,211,204
251,207,201
253,208,201
253,207,201
247,204,195
241,201,191
232,194,183
222,186,172
209,176,159
195,158,138
185,145,122
173,131,112
161,120,100
178,147,127
183,156,136
183,166,152
162,149,135
178,169,163
177,175,168
151,148,142
121,120,115
92,90,86
50,49,45
87,86,84
118,117,115
98,97,93
118,119,113
64,62,67
64,66,70
54,57,64
57,58,63
52,53,56
43,47,50
42,46,49
47,52,55
40,44,47
42,46,49
42,45,48
37,41,44
33,36,39
31,32,36
29,30,34
25,26,30
28,29,33
29,30,34
30,31,35
25,29,32
26,30,33
29,30,34
33,34,38
32,33,37
33,34,38
32,33,37
31,32,36
29,30,34
27,30,34
28,32,35
26,30,33
26,30,33
26,30,33
26,30,33
27,31,34
30,31,35
31,32,36
32,33,37
29,33,36
29,33,36
27,31,34
27,32,35
30,35,38
29,34,37
27,32,35
30,35,39
28,33,37
30,35,39
27,35,38
27,35,37
227,199,185
229,203,190
223,199,187
207,183,171
166,146,129
114,97,85
125,111,98
124,108,95
153,135,125
181,163,153
199,180,165
199,179,163
190,166,146
181,153,132
164,133,111
201,179,163
220,200,183
220,197,183
220,197,183
234,205,194
243,209,199
244,210,200
178,156,149
253,210,201
253,209,200
251,207,196
253,208,198
246,202,193
243,203,194
235,199,187
225,191,179
217,185,170
207,177,160
198,164,142
187,154,129
190,160,139
173,142,119
184,160,140
169,147,132
173,156,144
159,146,137
174,169,163
148,145,140
130,130,124
76,72,69
110,109,105
112,111,107
104,103,99
131,132,127
64,66,63
106,107,111
53,55,59
52,52,60
50,51,55
43,44,47
34,38,40
33,34,38
32,37,40
37,40,44
29,31,35
26,27,31
23,24,28
23,24,28
23,24,28
23,24,28
23,24,28
23,24,28
22,23,27
24,25,29
24,25,29
23,24,26
24,25,29
22,23,27
21,22,26
23,24,26
22,23,27
24,25,29
22,26,29
23,24,28
21,25,28
24,28,31
22,26,29
22,26,29
25,26,30
25,26,30
25,26,30
27,28,32
25,26,30
25,26,30
24,25,29
25,26,30
24,28,31
25,30,33
26,31,34
25,30,33
26,31,34
26,31,34
27,32,35
26,31,34
26,31,34
225,199,184
225,199,184
224,201,187
214,191,178
182,160,146
130,111,98
119,105,91
107,89,75
132,114,105
167,151,137
188,170,156
198,182,167
199,181,166
197,179,164
203,184,170
205,186,171
225,202,189
237,210,199
238,210,198
239,209,198
240,207,196
193,169,156
224,189,180
251,211,201
252,209,198
251,208,197
250,208,196
249,207,195
242,204,193
237,200,189
229,196,184
223,192,177
212,183,165
207,177,160
197,168,147
187,160,136
186,158,136
183,157,139
185,163,147
186,171,161
170,156,146
168,161,155
172,169,164
144,141,136
96,95,89
109,108,104
139,138,134
153,152,150
196,196,194
124,125,120
22,23,27
44,48,52
60,62,67
51,54,58
41,45,48
32,36,39
31,32,34
25,27,29
21,22,24
19,19,22
20,20,22
20,19,24
18,17,22
18,19,23
20,21,25
22,23,27
22,23,27
20,21,25
20,21,25
23,24,26
23,24,28
22,23,27
22,23,25
22,23,27
23,24,27
21,25,28
23,27,30
23,27,30
25,26,30
22,25,29
23,27,30
22,26,29
22,24,28
24,25,29
22,23,27
24,25,29
24,25,29
24,25,29
24,25,29
25,26,30
24,25,27
24,28,31
25,30,33
26,31,34
27,32,35
27,32,35
27,32,35
28,32,35
28,32,35
29,32,35
224,198,183
224,198,183
223,200,184
221,198,185
210,190,176
178,161,147
150,136,127
153,142,132
135,121,110
147,132,120
174,160,147
192,180,169
199,185,175
204,192,182
209,200,191
216,204,194
217,206,196
215,203,194
215,205,197
217,205,196
190,171,157
205,173,163
244,206,193
249,209,199
248,210,197
250,211,198
249,209,196
247,209,196
241,205,191
233,199,185
228,198,184
225,197,182
219,192,176
215,189,171
207,181,162
203,176,159
192,165,146
193,168,151
195,177,162
186,174,166
169,161,154
144,138,132
134,131,126
122,119,114
156,155,151
185,186,181
179,178,176
200,200,197
203,203,201
200,200,198
45,46,48
20,19,24
25,24,28
36,39,41
42,47,50
50,56,56
46,50,51
41,44,45
36,37,39
35,36,40
33,32,37
30,30,34
30,31,35
30,30,34
28,29,33
27,28,32
29,32,35
25,29,32
30,31,34
30,31,34
26,27,31
23,26,29
23,26,29
23,27,30
23,26,29
22,26,29
23,25,28
22,24,28
23,24,26
21,25,28
23,27,30
22,26,29
25,26,30
26,27,31
25,29,32
24,28,31
25,29,32
29,32,35
28,32,35
28,31,34
29,32,35
30,35,38
30,35,39
34,39,41
31,36,38
33,38,42
32,37,40
34,39,42
35,39,42
34,37,40
220,196,180
221,198,182
223,198,182
220,195,180
219,196,182
212,192,177
157,137,122
172,164,158
201,200,196
198,197,192
201,201,196
203,202,198
186,181,178
205,206,201
206,206,202
207,206,202
207,206,202
206,206,202
206,204,197
171,155,147
203,175,163
242,207,195
243,207,195
244,208,196
243,209,196
244,209,196
245,210,197
245,210,196
239,207,192
223,194,181
229,202,190
227,201,189
222,197,181
216,194,178
214,192,177
208,186,171
194,177,165
192,182,173
182,175,167
184,181,174
191,188,186
183,180,179
177,176,173
188,187,185
191,191,188
199,199,198
202,202,200
206,206,204
202,202,200
203,203,201
196,198,195
41,42,44
18,18,19
19,19,21
23,24,27
33,36,35
43,45,48
52,54,57
53,54,57
53,55,59
49,49,54
47,47,51
44,46,52
42,45,50
37,41,45
39,42,47
37,40,45
35,38,43
45,47,51
40,41,45
37,38,42
35,39,43
34,38,41
32,36,40
33,37,40
37,41,44
35,36,40
33,36,39
35,38,41
33,37,40
33,37,40
35,39,42
32,36,39
34,38,41
33,37,40
31,36,39
33,38,42
35,39,43
35,40,44
33,37,41
33,38,41
34,39,43
37,44,50
35,42,47
35,42,46
34,41,45
34,42,44
36,40,44
36,41,44
33,41,42
219,197,180
220,198,182
221,197,182
221,195,181
219,195,180
219,197,183
216,194,180
169,154,141
163,153,146
200,199,194
205,206,201
196,194,190
195,192,189
206,207,202
206,205,201
203,200,196
198,193,187
179,169,161
153,135,125
202,179,168
230,204,190
225,201,189
223,202,192
218,199,190
218,199,191
217,201,193
213,199,189
216,201,193
208,191,183
210,196,187
211,196,188
209,197,188
207,196,188
209,199,191
204,195,187
200,194,188
186,182,176
187,184,180
198,197,194
199,199,196
202,202,200
206,206,204
200,200,198
203,203,201
201,201,199
205,205,203
204,204,202
204,204,202
200,200,198
203,203,201
202,202,200
57,58,63
38,39,43
21,21,23
16,17,19
18,18,18
28,29,31
36,36,41
38,39,43
44,46,50
45,48,52
50,52,57
48,53,58
51,55,61
51,57,61
51,55,59
50,53,61
51,55,62
48,52,56
53,56,60
47,49,54
47,51,54
46,50,54
45,49,54
46,50,55
46,50,55
44,47,51
45,49,53
44,48,51
45,50,53
42,46,49
40,44,48
42,45,50
41,47,50
42,46,50
39,42,47
41,45,50
39,43,47
38,43,47
37,42,46
39,44,47
38,43,47
38,44,49
39,46,52
37,43,46
37,43,47
37,43,47
38,43,47
37,42,45
35,41,44
213,193,177
212,192,175
208,187,171
199,177,162
188,167,152
179,159,146
173,152,140
169,152,142
152,143,132
144,139,130
162,161,154
153,143,136
154,142,136
152,136,128
140,119,108
133,110,101
136,119,105
161,138,130
199,184,176
206,195,188
202,196,191
207,203,198
210,208,206
204,202,199
206,203,200
207,203,200
203,201,199
201,200,196
206,204,201
204,201,198
202,202,198
201,197,192
195,191,187
193,189,185
197,195,192
196,196,193
201,201,198
205,205,202
204,204,202
206,206,204
206,206,204
206,205,203
204,204,202
205,205,203
204,204,202
205,205,203
204,204,202
205,205,203
204,204,202
202,202,200
200,200,198
57,58,61
63,63,70
46,47,50
22,21,25
16,16,17
14,14,16
21,21,24
32,33,37
37,38,42
36,40,43
39,42,47
44,49,53
45,50,55
43,48,52
47,52,56
47,51,55
45,48,54
47,52,55
47,51,56
50,53,58
48,52,55
47,51,54
46,52,54
46,51,55
49,54,58
47,52,56
44,48,52
42,49,51
47,53,56
45,50,53
46,49,53
44,46,51
43,45,50
42,45,50
41,44,49
40,43,48
40,43,48
39,44,48
38,43,47
38,43,47
39,44,48
38,43,47
38,44,49
38,43,47
38,43,47
38,42,46
39,44,48
38,43,46
36,42,44
169,157,140
159,145,131
154,139,126
138,125,114
136,124,114
163,157,150
177,175,169
185,184,180
200,200,195
200,201,197
101,102,97
57,51,51
182,175,167
211,193,185
206,190,185
207,201,198
204,204,200
206,204,201
206,206,203
205,204,202
206,206,204
205,205,202
208,208,206
206,206,204
206,206,204
206,206,204
208,208,206
206,206,204
206,206,204
207,207,205
208,208,206
209,209,207
210,210,208
206,206,204
208,208,206
206,206,204
206,206,204
208,208,206
206,206,204
207,207,205
207,206,204
207,206,204
205,205,203
205,205,203
205,205,203
206,206,204
205,205,203
204,204,202
203,203,201
202,202,200
201,201,199
48,48,51
48,48,55
57,57,64
45,46,50
26,26,29
15,15,18
13,13,16
14,15,19
24,26,29
31,33,36
34,37,41
37,41,44
40,45,49
41,46,50
44,48,52
42,45,51
40,43,48
40,44,48
40,44,49
44,47,52
41,44,49
44,48,51
38,42,45
37,41,45
39,43,48
39,44,48
37,41,44
36,40,43
39,44,47
38,42,45
41,42,47
40,41,46
38,41,46
39,42,47
39,42,47
39,42,47
39,42,47
37,42,46
39,44,48
38,43,47
38,43,47
37,42,46
37,42,46
37,42,46
36,40,45
36,39,44
39,44,48
39,44,47
37,41,44
192,193,189
192,193,189
193,194,189
197,198,195
198,200,196
201,201,197
201,201,199
202,202,200
202,202,200
202,202,200
130,131,128
63,62,61
202,202,200
204,205,203
205,205,203
205,205,203
206,206,204
205,205,203
206,206,204
206,206,204
207,207,205
208,208,206
206,206,204
207,207,205
206,206,204
206,206,204
207,207,205
207,207,205
206,206,204
206,206,204
206,206,204
205,205,203
207,207,205
206,206,204
206,206,204
206,206,204
206,206,204
206,206,204
207,207,205
206,206,204
206,206,204
208,207,205
205,205,203
206,206,204
205,205,203
205,205,203
205,205,203
205,205,203
204,204,202
203,203,201
202,202,200
77,77,79
40,41,45
48,47,53
48,49,54
52,55,59
28,30,35
17,18,22
11,12,14
13,14,18
23,24,28
27,30,33
34,38,41
35,40,43
38,43,46
41,44,49
40,43,50
45,48,53
40,43,48
41,44,49
40,44,48
40,43,48
48,52,55
44,48,51
39,44,47
36,39,43
37,41,44
39,43,46
39,43,46
37,41,44
35,39,42
36,38,43
37,39,43
37,40,44
34,38,41
36,39,44
36,40,44
37,41,45
37,42,45
35,40,44
37,41,45
38,42,46
35,40,44
37,42,45
36,42,45
36,41,44
38,41,46
35,40,44
36,42,45
34,38,41
195,195,193
197,199,196
199,200,195
200,200,198
201,201,199
202,202,200
202,202,200
201,201,199
202,202,200
203,203,201
177,177,175
126,126,124
204,204,202
205,205,203
204,204,202
205,205,203
205,205,203
206,206,204
205,205,203
206,206,204
205,205,203
205,205,203
206,206,204
206,206,204
207,207,205
207,207,205
206,206,204
206,206,204
205,205,203
206,206,204
206,206,204
206,206,204
207,207,205
208,208,206
206,206,204
207,207,205
207,207,205
206,206,204
207,207,205
207,207,205
206,206,204
206,206,204
205,205,203
205,205,203
206,206,204
205,205,203
205,205,203
205,205,203
204,204,203
202,202,200
203,203,201
202,202,200
68,69,72
38,39,44
41,42,46
42,42,49
48,48,56
29,31,35
17,18,21
12,13,15
11,12,15
24,25,29
31,34,37
33,37,40
37,41,44
41,44,49
39,42,47
41,44,50
40,42,48
42,45,50
43,48,51
43,48,51
42,47,50
39,44,47
45,50,53
38,42,45
37,41,44
36,40,43
34,39,42
36,40,43
36,40,43
35,39,43
35,39,42
36,40,44
35,39,42
35,39,44
36,41,45
35,40,43
36,41,44
35,39,43
34,38,43
35,38,42
35,40,44
36,40,43
34,39,42
35,41,43
36,39,44
35,40,44
36,41,44
35,40,42
195,196,193
196,198,195
198,200,195
198,200,197
199,201,198
202,202,200
202,202,200
202,202,200
203,203,201
203,203,201
202,202,200
202,202,200
203,203,201
205,205,203
205,205,203
205,205,203
205,205,203
206,206,204
205,205,203
206,206,204
207,207,205
206,206,204
206,206,204
206,206,204
206,206,204
207,207,205
206,206,204
206,206,204
207,207,205
207,207,205
206,206,204
206,206,204
207,207,205
208,208,206
207,207,205
207,207,205
207,207,205
207,207,205
206,206,204
205,205,203
206,206,204
206,206,204
205,205,203
206,206,204
205,205,203
206,206,204
205,205,203
205,205,203
204,204,203
203,203,201
203,203,201
202,202,200
186,188,186
61,62,70
52,53,60
36,37,42
36,37,44
38,40,47
32,33,37
19,20,23
15,16,18
13,14,17
18,19,22
29,29,33
29,32,35
33,37,41
36,39,45
37,40,49
38,40,46
40,42,47
39,44,47
37,44,46
39,46,49
38,43,46
40,45,48
39,44,47
39,45,48
37,44,46
37,43,45
37,43,46
36,41,44
35,40,43
36,41,44
35,40,43
35,40,44
36,40,45
34,39,43
35,40,44
36,39,44
36,40,46
37,42,46
36,40,44
35,40,43
34,39,42
37,42,45
38,43,46
35,40,43
37,41,45
35,39,43
35,40,43
195,197,193
196,198,195
197,199,195
198,200,196
199,201,198
200,202,199
201,201,199
203,203,201
202,202,200
203,203,201
203,203,201
204,204,202
204,204,202
205,205,203
205,205,203
205,205,203
205,205,203
206,206,204
205,205,203
206,206,204
206,206,204
207,207,205
207,207,205
206,206,204
206,206,204
206,206,204
206,206,204
206,206,204
206,206,204
206,206,204
206,206,204
207,207,205
207,207,205
207,207,205
208,208,206
208,208,206
208,208,206
206,206,204
207,207,205
207,207,205
206,206,204
207,207,205
206,206,204
206,206,204
205,205,203
206,206,204
205,205,203
205,205,203
205,205,203
203,205,202
201,201,199
201,203,200
198,201,198
57,59,67
49,52,59
46,48,52
44,46,52
34,35,40
38,39,43
28,29,32
20,21,23
12,13,15
12,13,15
19,20,23
25,26,30
32,35,38
32,36,40
37,41,45
37,41,44
42,46,49
42,46,49
39,44,47
39,44,47
42,46,49
39,44,47
41,46,49
39,44,47
38,46,48
39,46,49
37,45,47
40,45,48
39,44,47
38,43,46
37,42,47
39,44,48
40,45,49
35,38,43
35,40,44
36,40,44
36,41,45
36,41,45
35,40,43
35,40,43
36,41,44
35,40,43
36,41,44
36,40,43
35,39,42
33,39,41
32,38,40
194,196,191
195,197,194
197,199,196
197,199,196
198,200,197
199,201,198
201,201,199
202,202,200
203,203,201
202,202,200
203,203,201
204,204,202
204,204,202
204,204,202
204,204,202
205,205,203
206,206,204
206,206,204
205,205,203
206,206,204
207,207,205
207,207,205
207,207,205
206,206,204
207,207,205
206,206,204
206,206,204
205,205,203
205,205,203
206,206,204
206,206,204
207,207,205
207,207,205
207,207,205
207,207,205
208,208,206
208,208,206
207,207,205
207,207,205
207,207,205
206,206,204
207,207,205
206,206,204
207,207,205
206,206,204
205,205,203
206,206,204
205,205,203
205,205,203
203,205,202
202,204,201
200,202,199
143,144,144
42,43,48
47,50,55
34,38,41
41,44,50
46,50,53
41,43,47
33,34,38
26,27,31
19,20,22
16,17,19
14,15,17
18,19,22
24,25,29
27,30,33
29,34,37
32,37,40
37,41,44
38,42,46
38,43,46
40,45,48
44,48,51
41,46,48
41,46,49
39,44,47
39,46,48
36,41,44
41,46,50
40,45,48
39,45,48
41,46,50
43,48,54
42,47,53
41,46,52
41,46,51
39,44,48
37,42,46
36,41,44
36,41,44
36,41,44
33,38,41
35,40,43
36,41,44
38,43,45
38,42,45
35,40,43
35,40,43
33,37,40
